Applications Graphics Acceleration Info:
Uptime: 8808930 Realtime: 8808930

** Graphics info for pid 16768 [com.example.footnoted.spike.render_bench] **

Stats since: 8740238521700ns
Total frames rendered: 2668
Janky frames: 1218 (45.65%)
Janky frames (legacy): 52 (1.95%)
50th percentile: 7ms
90th percentile: 14ms
95th percentile: 24ms
99th percentile: 30ms
Number Missed Vsync: 2
Number High input latency: 48
Number Slow UI thread: 129
Number Slow bitmap uploads: 28
Number Slow issue draw commands: 143
Number Frame deadline missed: 1218
Number Frame deadline missed (legacy): 52
HISTOGRAM: 5ms=1303 6ms=25 7ms=30 8ms=20 9ms=36 10ms=116 11ms=237 12ms=310 13ms=232 14ms=111 15ms=49 16ms=20 17ms=12 18ms=8 19ms=5 20ms=4 21ms=3 22ms=7 23ms=3 24ms=11 25ms=10 26ms=17 27ms=17 28ms=28 29ms=20 30ms=15 31ms=6 32ms=12 34ms=0 36ms=0 38ms=1 40ms=0 42ms=0 44ms=0 46ms=0 48ms=0 53ms=0 57ms=0 61ms=0 65ms=0 69ms=0 73ms=0 77ms=0 81ms=0 85ms=0 89ms=0 93ms=0 97ms=0 101ms=0 105ms=0 109ms=0 113ms=0 117ms=0 121ms=0 125ms=0 129ms=0 133ms=0 150ms=0 200ms=0 250ms=0 300ms=0 350ms=0 400ms=0 450ms=0 500ms=0 550ms=0 600ms=0 650ms=0 700ms=0 750ms=0 800ms=0 850ms=0 900ms=0 950ms=0 1000ms=0 1050ms=0 1100ms=0 1150ms=0 1200ms=0 1250ms=0 1300ms=0 1350ms=0 1400ms=0 1450ms=0 1500ms=0 1550ms=0 1600ms=0 1650ms=0 1700ms=0 1750ms=0 1800ms=0 1850ms=0 1900ms=0 1950ms=0 2000ms=0 2050ms=0 2100ms=0 2150ms=0 2200ms=0 2250ms=0 2300ms=0 2350ms=0 2400ms=0 2450ms=0 2500ms=0 2550ms=0 2600ms=0 2650ms=0 2700ms=0 2750ms=0 2800ms=0 2850ms=0 2900ms=0 2950ms=0 3000ms=0 3050ms=0 3100ms=0 3150ms=0 3200ms=0 3250ms=0 3300ms=0 3350ms=0 3400ms=0 3450ms=0 3500ms=0 3550ms=0 3600ms=0 3650ms=0 3700ms=0 3750ms=0 3800ms=0 3850ms=0 3900ms=0 3950ms=0 4000ms=0 4050ms=0 4100ms=0 4150ms=0 4200ms=0 4250ms=0 4300ms=0 4350ms=0 4400ms=0 4450ms=0 4500ms=0 4550ms=0 4600ms=0 4650ms=0 4700ms=0 4750ms=0 4800ms=0 4850ms=0 4900ms=0 4950ms=0
50th gpu percentile: 7ms
90th gpu percentile: 13ms
95th gpu percentile: 18ms
99th gpu percentile: 21ms
GPU HISTOGRAM: 1ms=3 2ms=30 3ms=24 4ms=95 5ms=158 6ms=190 7ms=208 8ms=251 9ms=137 10ms=70 11ms=21 12ms=10 13ms=9 14ms=3 15ms=10 16ms=10 17ms=16 18ms=23 19ms=21 20ms=28 21ms=11 22ms=4 23ms=1 24ms=0 25ms=0 4950ms=0

Pipeline=Skia (OpenGL)
Memory policy:
  Max surface area: 2592000
  Max resource usage: 124.42MB (x48)
  Background retention: 50% (altUiHidden = true)
  GPU Context timeout: 10
Contexts: 2 (stopped = 0)
CPU Caches:
  Glyph Cache: 0.00 bytes (1 entry)
  Glyph Count: 0 
Total CPU memory usage:
  0 bytes, 0.00 bytes (0.00 bytes is purgeable)
GPU Caches:
  Other:
    Other: 0.00 bytes (1 entry)
  Image:
    Texture: 11.82 KB (1 entry)
  Scratch:
    Buffer Object: 32.00 KB (1 entry)
    Texture: 0.00 bytes (3 entries)
Layer Info:
    GlLayer size 1080x2400
  Layers Total         10125.00 KB (numLayers = 1)
Total GPU memory usage:
  44868 bytes, 43.82 KB (43.82 KB is purgeable)
TextureView: 1080x2400

GraphicBufferAllocator buffers:
            Handle |         Size |     W (Stride) x H | Layers |   Format |      Usage | Requestor
    0x70d745e65140 |      unknown | 1080 (   0) x 2400 |      1 |        1 | 0x     b00 | 3d678d SurfaceView[com.example.footnoted.spike.render_bench/com.example.footnoted.spike.render_bench.MainActivity]#1(BLAST Consumer)1
    0x70d745e67590 |      unknown | 1080 (   0) x 2400 |      1 |        1 | 0x     b00 | VRI[MainActivity]#0(BLAST Consumer)0
    0x70d745e75360 |      unknown | 1080 (   0) x 2400 |      1 |        1 | 0x     b00 | 3d678d SurfaceView[com.example.footnoted.spike.render_bench/com.example.footnoted.spike.render_bench.MainActivity]#1(BLAST Consumer)1
    0x70d745e77a50 |      unknown | 1080 (   0) x 2400 |      1 |        2 | 0x     300 | SurfaceTexture-0-16768-0
    0x70d745e77dd0 |      unknown | 1080 (   0) x 2400 |      1 |        1 | 0x     b00 | 3d678d SurfaceView[com.example.footnoted.spike.render_bench/com.example.footnoted.spike.render_bench.MainActivity]#1(BLAST Consumer)1
    0x70d745e77f90 |      unknown | 1080 (   0) x 2400 |      1 |        1 | 0x     300 | ImageReader-1080x2400f22m7-16768-1
    0x70d745e78a80 |      unknown | 1080 (   0) x 2400 |      1 |        1 | 0x     300 | ImageReader-1080x2400f22m7-16768-1
    0x70d745e79180 |      unknown | 1080 (   0) x 2400 |      1 |        2 | 0x     300 | SurfaceTexture-0-16768-0
    0x70d745e80d50 |      unknown | 1080 (   0) x 2400 |      1 |        1 | 0x     b00 | VRI[MainActivity]#0(BLAST Consumer)0
    0x70d745e83de0 |      unknown | 1080 (   0) x 2400 |      1 |        1 | 0x     300 | ImageReader-1080x2400f22m7-16768-1
    0x70d745e844e0 |      unknown | 1080 (   0) x 2400 |      1 |        1 | 0x     300 | ImageReader-1080x2400f22m7-16768-1
    0x70d745e84b00 |      unknown | 1080 (   0) x 2400 |      1 |        1 | 0x     300 | ImageReader-1080x2400f22m7-16768-1
    0x70d745e85c80 |      unknown | 1080 (   0) x 2400 |      1 |        1 | 0x     b00 | VRI[MainActivity]#0(BLAST Consumer)0
    0x70d745e8d310 |      unknown | 1080 (   0) x 2400 |      1 |        1 | 0x     300 | ImageReader-1080x2400f22m7-16768-1
    0x70d745e8dfc0 |      unknown | 1080 (   0) x 2400 |      1 |        2 | 0x     300 | SurfaceTexture-0-16768-0
Total allocated by GraphicBufferAllocator (estimate): 0.00 KB
Imported gralloc buffers:
+ name:ImageReader-1080x2400f22m7-16768-1, id:775, size:10125.31KiB, w/h:1080x2400, usage: 0x300, req fmt:1, fourcc/mod:875708993/0, dataspace: 0x0, compressed: false
+ name:ImageReader-1080x2400f22m7-16768-1, id:773, size:10125.31KiB, w/h:1080x2400, usage: 0x300, req fmt:1, fourcc/mod:875708993/0, dataspace: 0x0, compressed: false
+ name:ImageReader-1080x2400f22m7-16768-1, id:774, size:10125.31KiB, w/h:1080x2400, usage: 0x300, req fmt:1, fourcc/mod:875708993/0, dataspace: 0x0, compressed: false
+ name:SurfaceTexture-0-16768-0, id:772, size:10125.31KiB, w/h:1080x2400, usage: 0x300, req fmt:2, fourcc/mod:875709016/0, dataspace: 0x0, compressed: false
+ name:ImageReader-1080x2400f22m7-16768-1, id:770, size:10125.31KiB, w/h:1080x2400, usage: 0x300, req fmt:1, fourcc/mod:875708993/0, dataspace: 0x0, compressed: false
+ name:SurfaceTexture-0-16768-0, id:767, size:10125.31KiB, w/h:1080x2400, usage: 0x300, req fmt:2, fourcc/mod:875709016/0, dataspace: 0x0, compressed: false
+ name:SurfaceTexture-0-16768-0, id:769, size:10125.31KiB, w/h:1080x2400, usage: 0x300, req fmt:2, fourcc/mod:875709016/0, dataspace: 0x0, compressed: false
+ name:VRI[MainActivity]#0(BLAST Consumer)0, id:768, size:10125.31KiB, w/h:1080x2400, usage: 0xb00, req fmt:1, fourcc/mod:875708993/0, dataspace: 0x8810000, compressed: false
+ name:ImageReader-1080x2400f22m7-16768-1, id:766, size:10125.31KiB, w/h:1080x2400, usage: 0x300, req fmt:1, fourcc/mod:875708993/0, dataspace: 0x0, compressed: false
+ name:3d678d SurfaceView[com.example.footnoted.spike.render_bench/com.example.footnoted.spike.render_bench.MainActivity]#1(BLAST Cons, id:761, size:10125.31KiB, w/h:1080x2400, usage: 0xb00, req fmt:1, fourcc/mod:875708993/0, dataspace: 0x8810000, compressed: false
+ name:ImageReader-1080x2400f22m7-16768-1, id:765, size:10125.31KiB, w/h:1080x2400, usage: 0x300, req fmt:1, fourcc/mod:875708993/0, dataspace: 0x0, compressed: false
+ name:VRI[MainActivity]#0(BLAST Consumer)0, id:758, size:10125.31KiB, w/h:1080x2400, usage: 0xb00, req fmt:1, fourcc/mod:875708993/0, dataspace: 0x8810000, compressed: false
+ name:3d678d SurfaceView[com.example.footnoted.spike.render_bench/com.example.footnoted.spike.render_bench.MainActivity]#1(BLAST Cons, id:760, size:10125.31KiB, w/h:1080x2400, usage: 0xb00, req fmt:1, fourcc/mod:875708993/0, dataspace: 0x8810000, compressed: false
+ name:VRI[MainActivity]#0(BLAST Consumer)0, id:771, size:10125.31KiB, w/h:1080x2400, usage: 0xb00, req fmt:1, fourcc/mod:875708993/0, dataspace: 0x8810000, compressed: false
+ name:3d678d SurfaceView[com.example.footnoted.spike.render_bench/com.example.footnoted.spike.render_bench.MainActivity]#1(BLAST Cons, id:762, size:10125.31KiB, w/h:1080x2400, usage: 0xb00, req fmt:1, fourcc/mod:875708993/0, dataspace: 0x8810000, compressed: false
Total imported by gralloc: 151879.69KiB

Profile data in ms:

	com.example.footnoted.spike.render_bench/com.example.footnoted.spike.render_bench.MainActivity/android.view.ViewRootImpl@eaac370 (visibility=0)
Window: com.example.footnoted.spike.render_bench/com.example.footnoted.spike.render_bench.MainActivity
Stats since: 8740238509900ns
Total frames rendered: 1333
Janky frames: 1218 (91.37%)
Janky frames (legacy): 52 (3.90%)
50th percentile: 12ms
90th percentile: 24ms
95th percentile: 28ms
99th percentile: 31ms
Number Missed Vsync: 2
Number High input latency: 48
Number Slow UI thread: 129
Number Slow bitmap uploads: 28
Number Slow issue draw commands: 143
Number Frame deadline missed: 1218
Number Frame deadline missed (legacy): 52
HISTOGRAM: 5ms=4 6ms=11 7ms=16 8ms=16 9ms=36 10ms=112 11ms=237 12ms=310 13ms=232 14ms=111 15ms=49 16ms=20 17ms=12 18ms=8 19ms=5 20ms=4 21ms=3 22ms=7 23ms=3 24ms=11 25ms=10 26ms=17 27ms=17 28ms=28 29ms=20 30ms=15 31ms=6 32ms=12 34ms=0 36ms=0 38ms=1 40ms=0 42ms=0 44ms=0 46ms=0 48ms=0 53ms=0 57ms=0 61ms=0 65ms=0 69ms=0 73ms=0 77ms=0 81ms=0 85ms=0 89ms=0 93ms=0 97ms=0 101ms=0 105ms=0 109ms=0 113ms=0 117ms=0 121ms=0 125ms=0 129ms=0 133ms=0 150ms=0 200ms=0 250ms=0 300ms=0 350ms=0 400ms=0 450ms=0 500ms=0 550ms=0 600ms=0 650ms=0 700ms=0 750ms=0 800ms=0 850ms=0 900ms=0 950ms=0 1000ms=0 1050ms=0 1100ms=0 1150ms=0 1200ms=0 1250ms=0 1300ms=0 1350ms=0 1400ms=0 1450ms=0 1500ms=0 1550ms=0 1600ms=0 1650ms=0 1700ms=0 1750ms=0 1800ms=0 1850ms=0 1900ms=0 1950ms=0 2000ms=0 2050ms=0 2100ms=0 2150ms=0 2200ms=0 2250ms=0 2300ms=0 2350ms=0 2400ms=0 2450ms=0 2500ms=0 2550ms=0 2600ms=0 2650ms=0 2700ms=0 2750ms=0 2800ms=0 2850ms=0 2900ms=0 2950ms=0 3000ms=0 3050ms=0 3100ms=0 3150ms=0 3200ms=0 3250ms=0 3300ms=0 3350ms=0 3400ms=0 3450ms=0 3500ms=0 3550ms=0 3600ms=0 3650ms=0 3700ms=0 3750ms=0 3800ms=0 3850ms=0 3900ms=0 3950ms=0 4000ms=0 4050ms=0 4100ms=0 4150ms=0 4200ms=0 4250ms=0 4300ms=0 4350ms=0 4400ms=0 4450ms=0 4500ms=0 4550ms=0 4600ms=0 4650ms=0 4700ms=0 4750ms=0 4800ms=0 4850ms=0 4900ms=0 4950ms=0
50th gpu percentile: 7ms
90th gpu percentile: 13ms
95th gpu percentile: 18ms
99th gpu percentile: 21ms
GPU HISTOGRAM: 1ms=3 2ms=30 3ms=24 4ms=95 5ms=158 6ms=190 7ms=208 8ms=251 9ms=137 10ms=70 11ms=21 12ms=10 13ms=9 14ms=3 15ms=10 16ms=10 17ms=16 18ms=23 19ms=21 20ms=28 21ms=11 22ms=4 23ms=1 24ms=0 25ms=0 4950ms=0



---PROFILEDATA---
Flags,FrameTimelineVsyncId,IntendedVsync,Vsync,InputEventId,HandleInputStart,AnimationStart,PerformTraversalsStart,DrawStart,FrameDeadline,FrameStartTime,FrameInterval,WorkloadTarget,SyncQueued,SyncStart,IssueDrawCommandsStart,SwapBuffers,FrameCompleted,DequeueBufferDuration,QueueBufferDuration,GpuCompleted,SwapBuffersCompleted,DisplayPresentTime,CommandSubmissionCompleted,
0,716752,8801927634538,8801927634538,0,8801929604000,8801929630000,8801929656800,8801929749400,8801944301204,8801929580800,16666666,16666666,8801931107800,8801934724900,8801934849100,8801935549600,8801947001600,20200,770100,8801947001600,8801937802000,0,8801935549600,
0,716783,8801977634536,8801977634536,0,8801981014800,8801981037300,8801981107800,8801981254600,8801994301202,8801980994300,16666666,16666666,8801983319100,8801987699900,8801987831900,8801989151300,8801995525400,38000,608500,8801995525400,8801990530600,0,8801989151300,
0,716799,8802010967868,8802010967868,0,8802013909600,8802013929100,8802013956000,8802014048400,8802027634534,8802013898300,16666666,16666666,8802014787000,8802021152800,8802021305300,8802022068000,8802028750300,33200,580700,8802028750300,8802023448300,0,8802022068000,
0,716822,8802044301200,8802044301200,0,8802046836600,8802046858700,8802046887000,8802047007100,8802060967866,8802046824800,16666666,16666666,8802047781200,8802054251300,8802054270700,8802054792100,8802061821100,19600,401200,8802061821100,8802056227300,0,8802054792100,
0,716845,8802077634532,8802077634532,0,8802080196900,8802080241100,8802080291400,8802080450800,8802094301198,8802080176300,16666666,16666666,8802083927300,8802088730000,8802088820100,8802089371800,8802095299800,42100,352200,8802095299800,8802090536000,0,8802089371800,
0,716868,8802110967864,8802110967864,0,8802114212600,8802114261000,8802114359600,8802114520400,8802127634530,8802114187200,16666666,16666666,8802118880100,8802122672700,8802127877600,8802128519000,8802146138200,43500,272400,8802146138200,8802131026400,0,8802128519000,
0,716891,8802144301196,8802144301196,0,8802149847000,8802150407000,8802150470400,8802151149500,8802177634528,8802149797800,16666666,16666666,8802153031800,8802158774500,8802158811500,8802159734700,8802162934600,27600,1211400,8802162934600,8802162008900,0,8802159734700,
0,716907,8802177634528,8802177634528,0,8802179285600,8802179307300,8802179335900,8802179440300,8802194301194,8802179274700,16666666,16666666,8802180937200,8802185811800,8802185917400,8802186340000,8802196556500,46200,810800,8802196556500,8802188723800,0,8802186340000,
0,716938,8802227634526,8802227634526,0,8802230401500,8802230422900,8802230467300,8802230712600,8802244301192,8802230386900,16666666,16666666,8802233362500,8802239622700,8802239692400,8802242521900,8802246493600,44000,266900,8802246493600,8802243689600,0,8802242521900,
0,716954,8802260967858,8802260967858,0,8802263317800,8802263339300,8802263369800,8802263474300,8802277634524,8802263305300,16666666,16666666,8802266518900,8802272053900,8802272102700,8802272573900,8802278224900,30400,179500,8802278224900,8802273726200,0,8802272573900,
0,716978,8802310967856,8802310967856,0,8802314245300,8802314368000,8802314484000,8802314607600,8802327634522,8802314226900,16666666,16666666,8802317898200,8802322847900,8802322946700,8802323666100,8802328970700,37500,749500,8802328970700,8802325225700,0,8802323666100,
0,716994,8802344301188,8802344301188,0,8802346009000,8802346026000,8802346052300,8802346147600,8802360967854,8802345999300,16666666,16666666,8802349504000,8802352844600,8802352959800,8802354411800,8802363311700,29900,507800,8802363311700,8802355566700,0,8802354411800,
0,717018,8802394301186,8802394301186,0,8802396231700,8802396250800,8802396278100,8802396403800,8802410967852,8802396222900,16666666,16666666,8802398279400,8802404082300,8802404902200,8802406027100,8802412993200,61500,290000,8802412993200,8802408283100,0,8802406027100,
0,717049,8802444301184,8802444301184,0,8802448692200,8802448810600,8802448893600,8802449072200,8802460967850,8802448663700,16666666,16666666,8802454200200,8802459308300,8802459405500,8802460847100,8802479973300,35200,904300,8802479973300,8802463264500,0,8802460847100,
0,717073,8802494301182,8802494301182,0,8802497650000,8802497721600,8802497793000,8802497958400,8802510967848,8802497640700,16666666,16666666,8802499007300,8802508160700,8802508355300,8802509357700,8802528396300,48500,1166500,8802528396300,8802511521500,0,8802509357700,
0,717088,8802527634514,8802527634514,0,8802529442200,8802529496400,8802529546400,8802529729400,8802560967846,8802529426900,16666666,16666666,8802531253800,8802538429000,8802538567300,8802539381700,8802546757400,46300,423600,8802546757400,8802541289200,0,8802539381700,
0,717111,8802560967846,8802560967846,0,8802565306700,8802565352400,8802565424300,8802565562800,8802577634512,8802565259000,16666666,16666666,8802570541600,8802577391200,8802577508900,8802578100500,8802581030900,23400,894400,8802580974100,8802581030900,0,8802578100500,
0,717127,8802594301178,8802594301178,0,8802597570500,8802597624000,8802597688500,8802597821300,8802610967844,8802597550200,16666666,16666666,8802599096500,8802604996100,8802605071300,8802605655400,8802613156000,20200,667900,8802613156000,8802607550300,0,8802605655400,
0,717150,8802627634510,8802627634510,0,8802630661800,8802630695700,8802630736200,8802630829200,8802644301176,8802630648400,16666666,16666666,8802632142600,8802639586400,8802639711100,8802641337300,8802645972400,32000,366200,8802645972400,8802642578100,0,8802641337300,
0,717173,8802660967842,8802660967842,0,8802662905000,8802662937700,8802662966700,8802663076200,8802677634508,8802662893000,16666666,16666666,8802667695100,8802670373800,8802671285400,8802672028000,8802679623500,101500,870700,8802679623500,8802674385800,0,8802672028000,
0,717204,8802710967840,8802710967840,0,8802714846200,8802714892300,8802714952200,8802715191200,8802727634506,8802714833300,16666666,16666666,8802717635600,8802725546100,8802725607200,8802726006300,8802729375500,31000,412300,8802729375500,8802727687100,0,8802726006300,
0,717220,8802744301172,8802744301172,0,8802747089500,8802747117200,8802747169500,8802747304600,8802760967838,8802747076900,16666666,16666666,8802748788800,8802755397200,8802755493300,8802755955900,8802761791300,32400,977500,8802761791300,8802758405000,0,8802755955900,
0,717236,8802777634504,8802777634504,0,8802779684300,8802779707400,8802779740100,8802779865200,8802794301170,8802779626000,16666666,16666666,8802781835300,8802791258000,8802791294600,8802792798700,8802796066000,190300,2073900,8802795989400,8802796066000,0,8802792798700,
0,717252,8802810967836,8802810967836,0,8802813874200,8802813896700,8802813931600,8802814023900,8802827634502,8802813850500,16666666,16666666,8802815699400,8802821659300,8802821741900,8802822147300,8802829256500,57000,430000,8802829256500,8802823430300,0,8802822147300,
0,717275,8802844301168,8802844301168,0,8802847300900,8802847323700,8802847355100,8802847474500,8802860967834,8802847291300,16666666,16666666,8802849516200,8802858728900,8802858878900,8802859590000,8802878738600,24800,626900,8802878738600,8802861519300,0,8802859590000,
0,717291,8802877634500,8802877634500,0,8802879527800,8802879556700,8802879596600,8802879704400,8802910967832,8802879489500,16666666,16666666,8802880965800,8802885306600,8802885477000,8802886398100,8802895833500,332800,244900,8802895833500,8802887671100,0,8802886398100,
0,717315,8802927634498,8802927634498,0,8802929721600,8802929760700,8802929790300,8802929936300,8802944301164,8802929681300,16666666,16666666,8802933465000,8802944704300,8802945307700,8802946647600,8802963254700,309700,1420700,8802963254700,8802949871500,0,8802946647600,
0,717346,8802994301162,8802994301162,0,8802996196800,8802996223400,8802996254000,8802996355800,8803010967828,8802996188500,16666666,16666666,8803002507400,8803007130800,8803007242600,8803008008600,8803012331600,29000,293000,8803012331600,8803009146300,0,8803008008600,
0,717370,8803044301160,8803044301160,0,8803046101000,8803046165300,8803046191500,8803046265900,8803060967826,8803046084800,16666666,16666666,8803051060700,8803056184500,8803056283100,8803056733600,8803063311600,21900,340100,8803063311600,8803058458600,0,8803056733600,
0,717386,8803077634492,8803077634492,0,8803079432900,8803079464900,8803079504900,8803080004900,8803094301158,8803079415400,16666666,16666666,8803085312000,8803089663200,8803090660300,8803091132100,8803095664500,37400,288500,8803095664500,8803092261500,0,8803091132100,
0,717410,8803127634490,8803127634490,0,8803130859800,8803130880900,8803130937400,8803131045400,8803144301156,8803130845000,16666666,16666666,8803136785800,8803139913700,8803140074000,8803141427700,8803146536700,30600,505800,8803146536700,8803143217400,0,8803141427700,
0,717434,8803177634488,8803177634488,0,8803181870600,8803182000900,8803182063800,8803182251200,8803194301154,8803181769800,16666666,16666666,8803183582500,8803188904400,8803189021900,8803189682200,8803196309800,27800,347900,8803196309800,8803191171300,0,8803189682200,
0,717465,8803227634486,8803227634486,0,8803230262300,8803230367300,8803230441600,8803230693700,8803244301152,8803230224700,16666666,16666666,8803233235900,8803238624000,8803238695100,8803239461300,8803245323700,57400,316700,8803245323700,8803240918300,0,8803239461300,
0,717489,8803277634484,8803277634484,0,8803279480400,8803279499400,8803279536500,8803279619100,8803294301150,8803279466000,16666666,16666666,8803280730000,8803287061300,8803287209000,8803287560500,8803295650400,37300,1178300,8803295650400,8803289546200,0,8803287560500,
0,717528,8803344301148,8803344301148,0,8803347613500,8803347655600,8803347878300,8803348004200,8803360967814,8803347583800,16666666,16666666,8803353557000,8803357933200,8803358036500,8803358772600,8803362689000,30800,478000,8803362689000,8803360103600,0,8803358772600,
0,717560,8803410967812,8803410967812,0,8803413842900,8803413880100,8803414013600,8803414227900,8803427634478,8803413807500,16666666,16666666,8803415421300,8803421989800,8803422048900,8803423195400,8803429075900,51800,1241900,8803429075900,8803425336700,0,8803423195400,
0,717584,8803460967810,8803460967810,0,8803463598000,8803463623000,8803463655300,8803463840600,8803477634476,8803463565400,16666666,16666666,8803466329300,8803472752900,8803472819000,8803473179700,8803479362400,143300,574500,8803479362400,8803474957200,0,8803473179700,
0,717615,8803510967808,8803510967808,0,8803521089200,8803521129500,8803521161300,8803521286100,8803527634474,8803520302200,16666666,16666666,8803522192800,8803530282400,8803530346700,8803530863000,8803547469000,34000,609800,8803547469000,8803535256300,0,8803530863000,
0,717647,8803577634472,8803577634472,0,8803579982100,8803580070100,8803580202200,8803580991200,8803594301138,8803579964100,16666666,16666666,8803586016400,8803591176000,8803591403400,8803592156300,8803596310400,144800,156400,8803596310400,8803593468700,0,8803592156300,
0,717678,8803644301136,8803644301136,0,8803648723500,8803648750100,8803648787200,8803648891200,8803660967802,8803648714200,16666666,16666666,8803649558300,8803655197200,8803655294700,8803656202400,8803662985900,26800,378300,8803662985900,8803657542400,0,8803656202400,
0,717702,8803710967800,8803710967800,0,8803713499300,8803713517600,8803713545500,8803713635200,8803727634466,8803713485700,16666666,16666666,8803714261700,8803721333500,8803721450700,8803722069200,8803728684200,23500,486500,8803728684200,8803723456300,0,8803722069200,
0,717718,8803744301132,8803744301132,0,8803747210200,8803747280700,8803747329400,8803747449300,8803760967798,8803747187400,16666666,16666666,8803748151400,8803754824400,8803757476300,8803758096200,8803762306800,188200,1753500,8803762306800,8803761545900,0,8803758096200,
0,717742,8803794301130,8803794301130,0,8803796481800,8803796508300,8803796537600,8803796653400,8803810967796,8803796469500,16666666,16666666,8803803897300,8803806254600,8803806283200,8803807052100,8803812252100,36900,204800,8803812252100,8803808721500,0,8803807052100,
0,717758,8803827634462,8803827634462,0,8803831273000,8803831296100,8803831338500,8803831475900,8803844301128,8803831259100,16666666,16666666,8803834062200,8803839356700,8803843056200,8803844363700,8803862688700,33000,1306000,8803862688700,8803847106300,0,8803844363700,
0,717788,8803877634460,8803877634460,0,8803879397600,8803879436700,8803879478500,8803879620700,8803894301126,8803879387500,16666666,16666666,8803881105300,8803887509800,8803887568900,8803888081500,8803896201300,22200,269800,8803896201300,8803889072400,0,8803888081500,
0,717811,8803910967792,8803910967792,0,8803912569900,8803912597500,8803912793700,8803912984000,8803927634458,8803912558500,16666666,16666666,8803914035500,8803922409900,8803922491500,8803923019400,8803928547900,32400,828200,8803928547900,8803924487400,0,8803923019400,
0,717827,8803944301124,8803944301124,0,8803946651800,8803946819800,8803946877200,8803947039800,8803960967790,8803946641800,16666666,16666666,8803949351200,8803953854900,8803953962500,8803954819400,8803962883600,37300,532300,8803962883600,8803956225700,0,8803954819400,
0,717858,8803994301122,8803994301122,0,8803996490100,8803996539200,8803996611900,8803996738000,8804010967788,8803996468200,16666666,16666666,8803998241200,8804005760500,8804005963500,8804007708600,8804011962800,39300,825200,8804011962800,8804009709000,0,8804007708600,
0,717882,8804044301120,8804044301120,0,8804048237100,8804048329200,8804048453700,8804049199300,8804060967786,8804048221300,16666666,16666666,8804050619000,8804058135800,8804058247700,8804059111700,8804063228800,198400,1709300,8804063228800,8804062568600,0,8804059111700,
0,717898,8804077634452,8804077634452,0,8804082066500,8804082103700,8804082154000,8804082410600,8804094301118,8804082048800,16666666,16666666,8804083872700,8804089511400,8804089548300,8804090068700,8804096200700,279800,2176100,8804096200700,8804093375200,0,8804090068700,
0,717937,8804144301116,8804144301116,0,8804148748400,8804148794800,8804149007400,8804150003100,8804160967782,8804148687500,16666666,16666666,8804151501700,8804159979400,8804160027700,8804161714800,8804170837100,672500,5318700,8804169937900,8804170837100,0,8804161714800,
0,717961,8804194301114,8804194301114,0,8804196081600,8804196106400,8804196201900,8804196320200,8804210967780,8804196068000,16666666,16666666,8804198091600,8804206299900,8804206379500,8804207182900,8804212532100,61200,824400,8804212532100,8804209981600,0,8804207182900,
0,717985,8804244301112,8804244301112,0,8804246133600,8804246174500,8804246229300,8804246338100,8804260967778,8804246115500,16666666,16666666,8804247731100,8804253930900,8804254203500,8804254538700,8804263727900,101200,332100,8804263727900,8804255996500,0,8804254538700,
0,718008,8804277634444,8804277634444,0,8804280463300,8804280500000,8804280547400,8804280680600,8804294301110,8804280291300,16666666,16666666,8804282116300,8804287875200,8804287951600,8804289304900,8804296125600,163100,328100,8804296125600,8804290701800,0,8804289304900,
0,718024,8804310967776,8804310967776,0,8804312738400,8804312775700,8804312822100,8804312917400,8804327634442,8804312722900,16666666,16666666,8804314229600,8804320933400,8804320985100,8804321774800,8804329945500,33200,539100,8804329945500,8804323175600,0,8804321774800,
0,718047,8804344301108,8804344301108,0,8804347669600,8804347723600,8804347794400,8804347916100,8804360967774,8804347630600,16666666,16666666,8804349254100,8804355749900,8804355865300,8804356986400,8804362562300,24400,285300,8804362562300,8804358179800,0,8804356986400,
0,718078,8804394301106,8804394301106,0,8804401539700,8804401583400,8804401707400,8804401902100,8804410967772,8804401514100,16666666,16666666,8804405534300,8804415357600,8804415469100,8804416613100,8804428822600,472100,419800,8804428822600,8804418473800,0,8804416613100,
0,718094,8804427634438,8804427634438,0,8804434284600,8804434307000,8804434336800,8804434426100,8804460967770,8804434268800,16666666,16666666,8804437965300,8804445754000,8804445831300,8804446766900,8804462443000,69100,821100,8804462443000,8804449022000,0,8804446766900,
0,718118,8804477634436,8804477634436,0,8804481470300,8804481490000,8804481517500,8804481631500,8804494301102,8804481437700,16666666,16666666,8804486208400,8804490616100,8804491400800,8804491865600,8804495808400,755500,336800,8804495808400,8804493878600,0,8804491865600,
0,718134,8804510967768,8804510967768,0,8804514213300,8804514230800,8804514257300,8804514352500,8804527634434,8804514204400,16666666,16666666,8804517933500,8804523865400,8804523898600,8804524229900,8804529640300,58400,280000,8804529640300,8804525186800,0,8804524229900,
0,718158,8804560967766,8804560967766,0,8804563747100,8804563770200,8804563879900,8804564005700,8804577634432,8804563735100,16666666,16666666,8804569630100,8804573394300,8804576456000,8804577144200,8804597115500,33200,431200,8804597115500,8804578666300,0,8804577144200,
0,718173,8804594301098,8804594301098,0,8804597600000,8804597757000,8804597824700,8804597934100,8804627634430,8804597561900,16666666,16666666,8804601015300,8804606552300,8804610269900,8804611140000,8804630056900,27400,185000,8804630056900,8804613525300,0,8804611140000,
0,718188,8804627634430,8804627634430,0,8804631140900,8804631167200,8804631222200,8804631349000,8804660967762,8804631118900,16666666,16666666,8804633903400,8804638660400,8804640836100,8804641562700,8804645303000,65400,570400,8804645303000,8804644177700,0,8804641562700,
0,718219,8804677634428,8804677634428,0,8804680356600,8804680408000,8804680511000,8804680727200,8804694301094,8804680346700,16666666,16666666,8804683524400,8804691399700,8804691776200,8804692364300,8804696877300,20100,1554700,8804696877300,8804694607400,0,8804692364300,
0,718243,8804727634426,8804727634426,0,8804730467800,8804730485600,8804730521800,8804730634900,8804744301092,8804730454800,16666666,16666666,8804734022800,8804739920500,8804740165100,8804741145300,8804745269300,38100,389900,8804745269300,8804743318100,0,8804741145300,
0,718274,8804794301090,8804794301090,0,8804800437100,8804800454700,8804800482600,8804800858300,8804810967756,8804800422400,16666666,16666666,8804805344300,8804807625400,8804807760400,8804808362100,8804814532800,28200,566000,8804814532800,8804810567400,0,8804808362100,
0,718306,8804860967754,8804860967754,0,8804866612200,8804866655400,8804866715800,8804866983600,8804877634420,8804866588200,16666666,16666666,8804868170400,8804874292800,8804874707100,8804875612200,8804880257800,56700,503300,8804880257800,8804878573100,0,8804875612200,
0,718329,8804910967752,8804910967752,0,8804914430200,8804914447200,8804914480800,8804914574000,8804927634418,8804914417400,16666666,16666666,8804915633000,8804925044600,8804925131400,8804926439700,8804930299600,19600,189700,8804930299600,8804928401600,0,8804926439700,
0,718361,8804977634416,8804977634416,0,8804980425700,8804980450300,8804980477100,8804980567300,8804994301082,8804980410600,16666666,16666666,8804981980500,8804986808800,8804986847500,8804987317300,8804995928300,80500,535600,8804995928300,8804989016200,0,8804987317300,
0,718392,8805027634414,8805027634414,0,8805029367200,8805029388800,8805029417500,8805029518900,8805044301080,8805029348400,16666666,16666666,8805030986700,8805037896800,8805037947300,8805038686000,8805048032000,63500,392300,8805048032000,8805040362200,0,8805038686000,
0,718423,8805077634412,8805077634412,0,8805080298200,8805080350300,8805080402000,8805080512900,8805094301078,8805080278500,16666666,16666666,8805082888500,8805088971800,8805089112500,8805090120000,8805096962500,20400,233400,8805096962500,8805091121500,0,8805090120000,
0,718446,8805110967744,8805110967744,0,8805112793500,8805112812800,8805112842000,8805112917100,8805127634410,8805112781900,16666666,16666666,8805119721500,8805126725700,8805126893700,8805128050900,8805145324600,55100,846600,8805145324600,8805133949400,0,8805128050900,
0,718470,8805160967742,8805160967742,0,8805162798800,8805162834100,8805162862400,8805162967100,8805177634408,8805162786400,16666666,16666666,8805164013500,8805170269400,8805170302200,8805171095400,8805178778500,46800,831000,8805178778500,8805173007500,0,8805171095400,
0,718494,8805210967740,8805210967740,0,8805212369700,8805212409800,8805212458400,8805212978200,8805227634406,8805212354100,16666666,16666666,8805216974400,8805220252100,8805220336300,8805220814700,8805230372000,34200,349400,8805230372000,8805222319600,0,8805220814700,
0,718517,8805244301072,8805244301072,0,8805248443800,8805248590100,8805248692700,8805248928600,8805260967738,8805248402400,16666666,16666666,8805251505200,8805258845600,8805258931000,8805259307500,8805263749800,18700,1470800,8805263611000,8805263749800,0,8805259307500,
0,718549,8805310967736,8805310967736,0,8805313622200,8805313659100,8805313713600,8805313858900,8805327634402,8805313572400,16666666,16666666,8805314715500,8805320572000,8805320651300,8805321636000,8805329414300,45200,790300,8805329414300,8805323046400,0,8805321636000,
0,718580,8805360967734,8805360967734,0,8805362989000,8805363009200,8805363076600,8805363241100,8805377634400,8805362975700,16666666,16666666,8805366111200,8805372045000,8805372182700,8805372680500,8805379900700,33200,780400,8805379900700,8805374657000,0,8805372680500,
0,718611,8805410967732,8805410967732,0,8805413601900,8805413632500,8805413700500,8805413885600,8805427634398,8805413468000,16666666,16666666,8805416199800,8805423388800,8805423450300,8805424048800,8805428630800,19200,339500,8805428630800,8805425454700,0,8805424048800,
0,718635,8805460967730,8805460967730,0,8805464056900,8805464118900,8805464243100,8805464484500,8805477634396,8805464037700,16666666,16666666,8805466674300,8805472319800,8805472438100,8805472914900,8805478847300,225100,263200,8805478847300,8805474434300,0,8805472914900,
0,718651,8805494301062,8805494301062,0,8805498181300,8805498232500,8805498279200,8805498396800,8805510967728,8805498170000,16666666,16666666,8805500534800,8805505440500,8805505578500,8805506155300,8805512248600,37000,286500,8805512248600,8805507604600,0,8805506155300,
0,718683,8805560967726,8805560967726,0,8805563623800,8805563939400,8805564031800,8805564214400,8805577634392,8805563582000,16666666,16666666,8805565386400,8805571230900,8805571432700,8805573511500,8805579925400,33300,420700,8805579925400,8805574830900,0,8805573511500,
0,718699,8805594301058,8805594301058,0,8805596753300,8805596771500,8805596802800,8805597426000,8805610967724,8805596740600,16666666,16666666,8805598358200,8805603949300,8805604109100,8805604937200,8805612773700,22100,330800,8805612773700,8805606137400,0,8805604937200,
0,718715,8805627634390,8805627634390,0,8805630604800,8805630625800,8805630657200,8805630745800,8805644301056,8805630595500,16666666,16666666,8805631734700,8805636824000,8805636924300,8805637842000,8805645597900,20500,560500,8805645597900,8805639402700,0,8805637842000,
0,718746,8805677634388,8805677634388,0,8805679957900,8805679999300,8805680121800,8805680235700,8805694301054,8805679943700,16666666,16666666,8805681741600,8805689707000,8805689754300,8805690083100,8805696831300,29100,381100,8805696831300,8805693545400,0,8805690083100,
0,718762,8805710967720,8805710967720,0,8805713658800,8805713686900,8805713737900,8805713869300,8805727634386,8805713649000,16666666,16666666,8805714959200,8805720677700,8805720707600,8805721029000,8805729259900,21300,219600,8805729259900,8805722585400,0,8805721029000,
0,718801,8805777634384,8805777634384,0,8805781106100,8805781139600,8805781182800,8805781309000,8805794301050,8805781082200,16666666,16666666,8805783587500,8805789221100,8805789279900,8805789934900,8805796113600,44300,269200,8805796113600,8805791704500,0,8805789934900,
0,718825,8805827634382,8805827634382,0,8805829338600,8805829376100,8805829432500,8805829654400,8805844301048,8805829327100,16666666,16666666,8805834456600,8805838707900,8805842241200,8805842883100,8805862614200,42700,550400,8805862614200,8805844642600,0,8805842883100,
0,718848,8805877634380,8805877634380,0,8805879433200,8805879455900,8805879504200,8805879612800,8805894301046,8805879416700,16666666,16666666,8805882422400,8805887263800,8805888568500,8805891121500,8805896952400,24600,464200,8805896952400,8805892448800,0,8805891121500,
0,718871,8805910967712,8805910967712,0,8805914959100,8805915169100,8805915270600,8805915402000,8805927634378,8805914941500,16666666,16666666,8805922028200,8805927464300,8805927507500,8805928206200,8805930795800,142000,771600,8805930719100,8805930795800,0,8805928206200,
0,718903,8805977634376,8805977634376,0,8805981148600,8805984169900,8805984238400,8805984421300,8805994301042,8805981122400,16666666,16666666,8805987563300,8805991498300,8805992997700,8805994201300,8806012138300,30000,1877200,8806012138300,8805997434500,0,8805994201300,
0,718926,8806027634374,8806027634374,0,8806030261000,8806030292700,8806030354100,8806030459700,8806044301040,8806030238400,16666666,16666666,8806031458700,8806036916600,8806037056800,8806037839000,8806046074000,119100,639800,8806046074000,8806039554400,0,8806037839000,
0,718950,8806077634372,8806077634372,0,8806087808600,8806087850000,8806087910200,8806088034300,8806094301038,8806087796400,16666666,16666666,8806090151400,8806097407300,8806097444600,8806097994000,8806112745500,20900,383800,8806112745500,8806099137500,0,8806097994000,
0,718972,8806127634370,8806127634370,0,8806130568800,8806130644200,8806130862100,8806131023100,8806144301036,8806130538200,16666666,16666666,8806132259600,8806138058200,8806138164300,8806138755600,8806145102100,44900,420700,8806145102100,8806140576900,0,8806138755600,
0,718995,8806160967702,8806160967702,0,8806175494400,8806175528700,8806175576500,8806175697200,8806177634368,8806175474100,16666666,16666666,8806176936100,8806185150500,8806185186400,8806186840500,8806196168300,73500,665800,8806196168300,8806188642400,0,8806186840500,
0,719019,8806210967700,8806210967700,0,8806212746600,8806212768100,8806212812300,8806212929300,8806227634366,8806212722600,16666666,16666666,8806217403900,8806221031100,8806221133400,8806221716500,8806228875800,38100,489700,8806228875800,8806223005100,0,8806221716500,
0,719042,8806244301032,8806244301032,0,8806249505000,8806249528100,8806249710900,8806249862600,8806260967698,8806249489400,16666666,16666666,8806250779400,8806255640800,8806255679600,8806256142200,8806262243100,22100,293200,8806262243100,8806258261600,0,8806256142200,
0,719058,8806277634364,8806277634364,0,8806278876400,8806278905200,8806278970900,8806279087100,8806294301030,8806278862000,16666666,16666666,8806280749500,8806284819600,8806287650700,8806288199700,8806295202700,42200,476900,8806295202700,8806289492800,0,8806288199700,
0,719089,8806327634362,8806327634362,0,8806328827800,8806328852600,8806328883100,8806328970100,8806344301028,8806328815900,16666666,16666666,8806333412000,8806336136700,8806338265600,8806339066700,8806345131900,23700,484000,8806345131900,8806340450700,0,8806339066700,
0,719128,8806394301026,8806394301026,0,8806395924800,8806395961900,8806396016600,8806396146500,8806410967692,8806395909600,16666666,16666666,8806398308200,8806403233400,8806403448200,8806404134500,8806411630300,22800,188400,8806411630300,8806405183800,0,8806404134500,
0,719151,8806427634358,8806427634358,0,8806429365200,8806429405600,8806429447000,8806429545500,8806444301024,8806429342900,16666666,16666666,8806430388300,8806436160300,8806436309400,8806436888600,8806446408800,21300,1711000,8806446408800,8806443099200,0,8806436888600,
0,719174,8806460967690,8806460967690,0,8806467200700,8806467221400,8806467269700,8806467383800,8806477634356,8806467186300,16666666,16666666,8806468210500,8806472556600,8806472699800,8806473084300,8806478123600,25700,637200,8806478123600,8806474373500,0,8806473084300,
0,719190,8806494301022,8806494301022,0,8806497362800,8806497381200,8806497409200,8806497519100,8806510967688,8806497353900,16666666,16666666,8806498370100,8806503158800,8806503223100,8806503851000,8806512478100,36100,1293500,8806512478100,8806506835100,0,8806503851000,
0,719229,8806560967686,8806560967686,0,8806566912100,8806566976500,8806567032300,8806567328100,8806577634352,8806566829700,16666666,16666666,8806568412000,8806573352600,8806573487400,8806574126800,8806579170800,40800,539800,8806579170800,8806575377800,0,8806574126800,
0,719253,8806610967684,8806610967684,0,8806612898500,8806612921000,8806612951700,8806613037300,8806627634350,8806612884700,16666666,16666666,8806614285900,8806625581300,8806625639300,8806626169100,8806630235600,42000,2411400,8806629774800,8806630235600,0,8806626169100,
0,719284,8806677634348,8806677634348,0,8806679483200,8806679503100,8806679552500,8806679653900,8806694301014,8806679472900,16666666,16666666,8806681343400,8806686524200,8806686625700,8806687364600,8806689199400,76900,856100,8806688950700,8806689199400,0,8806687364600,
0,719324,8806777634344,8806777634344,0,8806778612000,8806778695400,8806778763100,8806778884200,8806794301010,8806778600400,16666666,16666666,8806780566600,8806786264000,8806786351900,8806787089700,8806795426600,34700,414500,8806795426600,8806788488500,0,8806787089700,
0,719340,8806810967676,8806810967676,0,8806812429900,8806812449800,8806812493700,8806812591200,8806827634342,8806812419400,16666666,16666666,8806813458900,8806818742600,8806818813700,8806819184800,8806822019300,47200,938500,8806821787900,8806822019300,0,8806819184800,
0,719363,8806877634340,8806877634340,0,8806880102700,8806880149200,8806880205200,8806880319500,8806894301006,8806880085700,16666666,16666666,8806885185500,8806888668200,8806889089400,8806890381600,8806895818200,50200,318300,8806895818200,8806891790800,0,8806890381600,
0,719379,8806927634338,8806927634338,0,8806931070900,8806931113400,8806931192600,8806931360700,8806944301004,8806931045200,16666666,16666666,8806932622000,8806938294000,8806938363800,8806938888700,8806945582500,61800,681200,8806945582500,8806941140300,0,8806938888700,
0,719395,8806960967670,8806960967670,0,8806963063600,8806963096800,8806963147400,8806963694400,8806977634336,8806963052300,16666666,16666666,8806964975500,8806970981800,8806971122400,8806971692100,8806978788200,43100,847900,8806978788200,8806973904300,0,8806971692100,
0,719411,8807027634334,8807027634334,0,8807030485400,8807030532300,8807030624200,8807030777300,8807044301000,8807030431800,16666666,16666666,8807033349400,8807039055100,8807039245600,8807040198600,8807061856300,104800,2004600,8807061856300,8807047894400,0,8807040198600,
0,719426,8807077634332,8807077634332,0,8807081622100,8807081674300,8807082664700,8807083732100,8807094300998,8807081594900,16666666,16666666,8807085717400,8807090835600,8807090905100,8807091372900,8807093166300,32400,830000,8807093007500,8807093166300,0,8807091372900,
0,719442,8807127634330,8807127634330,0,8807129510900,8807129532800,8807129598300,8807129732300,8807144300996,8807129496100,16666666,16666666,8807131281900,8807135563900,8807135661900,8807136182400,8807145725200,57400,767900,8807145725200,8807138013900,0,8807136182400,
0,719458,8807160967662,8807160967662,0,8807162076000,8807162099000,8807162131100,8807162237600,8807177634328,8807162066100,16666666,16666666,8807163407800,8807169942300,8807170242300,8807170996900,8807178618600,73900,201300,8807178618600,8807171982900,0,8807170996900,
0,719474,8807194300994,8807194300994,0,8807196669200,8807196701400,8807196731300,8807196824000,8807210967660,8807196631400,16666666,16666666,8807198164200,8807203253300,8807203318700,8807204130100,8807212479400,28500,284400,8807212479400,8807205308700,0,8807204130100,
0,719490,8807244300992,8807244300992,0,8807246078600,8807246100000,8807246179100,8807246330900,8807260967658,8807246020900,16666666,16666666,8807247673700,8807251587400,8807251672400,8807252834900,8807262663000,48000,441400,8807262663000,8807254080700,0,8807252834900,
0,719498,8807260967658,8807260967658,0,8807263553200,8807263573700,8807263600500,8807263685600,8807294300990,8807263543400,16666666,16666666,8807264695100,8807270263600,8807270367700,8807270935200,8807279248000,47800,428600,8807279248000,8807271985500,0,8807270935200,
0,719522,8807310967656,8807310967656,0,8807312360400,8807312390500,8807312459800,8807312598400,8807327634322,8807312337100,16666666,16666666,8807314386200,8807322981900,8807323036600,8807324337600,8807330144500,36500,818800,8807330144500,8807326379200,0,8807324337600,
0,719538,8807360967654,8807360967654,0,8807362509900,8807362530900,8807362580600,8807362695800,8807377634320,8807362495700,16666666,16666666,8807364125500,8807368249300,8807368313700,8807368739400,8807380746500,37100,322700,8807380746500,8807370739500,0,8807368739400,
0,719554,8807410967652,8807410967652,0,8807413684300,8807413754600,8807413859100,8807414092800,8807427634318,8807413642700,16666666,16666666,8807415807700,8807421654600,8807421763900,8807422336100,8807423381300,22800,451400,8807423270500,8807423381300,0,8807422336100,
---PROFILEDATA---


View hierarchy:

  com.example.footnoted.spike.render_bench/com.example.footnoted.spike.render_bench.MainActivity/android.view.ViewRootImpl@eaac370
  12 views, 21.18 kB of render nodes


Total ViewRootImpl   : 1
Total attached Views : 12
Total RenderNode     : 21.18 kB (used) / 68.66 kB (capacity)

