Applications Graphics Acceleration Info:
Uptime: 38613261 Realtime: 38613261

** Graphics info for pid 15417 [com.example.footnoted.spike.render_bench] **

Stats since: 38530949801656ns
Total frames rendered: 1322
Janky frames: 633 (47.88%)
Janky frames (legacy): 193 (14.60%)
50th percentile: 9ms
90th percentile: 28ms
95th percentile: 31ms
99th percentile: 38ms
Number Missed Vsync: 9
Number High input latency: 19
Number Slow UI thread: 250
Number Slow bitmap uploads: 46
Number Slow issue draw commands: 252
Number Frame deadline missed: 633
Number Frame deadline missed (legacy): 193
HISTOGRAM: 5ms=578 6ms=34 7ms=18 8ms=18 9ms=14 10ms=22 11ms=46 12ms=65 13ms=54 14ms=48 15ms=31 16ms=30 17ms=19 18ms=19 19ms=17 20ms=11 21ms=13 22ms=17 23ms=19 24ms=14 25ms=15 26ms=22 27ms=40 28ms=36 29ms=23 30ms=32 31ms=22 32ms=19 34ms=7 36ms=5 38ms=3 40ms=3 42ms=3 44ms=1 46ms=2 48ms=2 53ms=0 57ms=0 61ms=0 65ms=0 69ms=0 73ms=0 77ms=0 81ms=0 85ms=0 89ms=0 93ms=0 97ms=0 101ms=0 105ms=0 109ms=0 113ms=0 117ms=0 121ms=0 125ms=0 129ms=0 133ms=0 150ms=0 200ms=0 250ms=0 300ms=0 350ms=0 400ms=0 450ms=0 500ms=0 550ms=0 600ms=0 650ms=0 700ms=0 750ms=0 800ms=0 850ms=0 900ms=0 950ms=0 1000ms=0 1050ms=0 1100ms=0 1150ms=0 1200ms=0 1250ms=0 1300ms=0 1350ms=0 1400ms=0 1450ms=0 1500ms=0 1550ms=0 1600ms=0 1650ms=0 1700ms=0 1750ms=0 1800ms=0 1850ms=0 1900ms=0 1950ms=0 2000ms=0 2050ms=0 2100ms=0 2150ms=0 2200ms=0 2250ms=0 2300ms=0 2350ms=0 2400ms=0 2450ms=0 2500ms=0 2550ms=0 2600ms=0 2650ms=0 2700ms=0 2750ms=0 2800ms=0 2850ms=0 2900ms=0 2950ms=0 3000ms=0 3050ms=0 3100ms=0 3150ms=0 3200ms=0 3250ms=0 3300ms=0 3350ms=0 3400ms=0 3450ms=0 3500ms=0 3550ms=0 3600ms=0 3650ms=0 3700ms=0 3750ms=0 3800ms=0 3850ms=0 3900ms=0 3950ms=0 4000ms=0 4050ms=0 4100ms=0 4150ms=0 4200ms=0 4250ms=0 4300ms=0 4350ms=0 4400ms=0 4450ms=0 4500ms=0 4550ms=0 4600ms=0 4650ms=0 4700ms=0 4750ms=0 4800ms=0 4850ms=0 4900ms=0 4950ms=0
50th gpu percentile: 9ms
90th gpu percentile: 20ms
95th gpu percentile: 21ms
99th gpu percentile: 24ms
GPU HISTOGRAM: 1ms=1 2ms=3 3ms=10 4ms=52 5ms=70 6ms=69 7ms=58 8ms=54 9ms=52 10ms=38 11ms=17 12ms=18 13ms=9 14ms=21 15ms=19 16ms=25 17ms=22 18ms=26 19ms=29 20ms=21 21ms=18 22ms=11 23ms=9 24ms=6 25ms=1 4950ms=2

Pipeline=Skia (OpenGL)
Memory policy:
  Max surface area: 2592000
  Max resource usage: 124.42MB (x48)
  Background retention: 50% (altUiHidden = true)
  GPU Context timeout: 10
Contexts: 2 (stopped = 0)
CPU Caches:
  Glyph Cache: 0.00 bytes (1 entry)
  Glyph Count: 0 
Total CPU memory usage:
  0 bytes, 0.00 bytes (0.00 bytes is purgeable)
GPU Caches:
  Other:
    Other: 0.00 bytes (1 entry)
  Image:
    Texture: 11.82 KB (1 entry)
  Scratch:
    Buffer Object: 32.00 KB (1 entry)
    Texture: 0.00 bytes (3 entries)
Layer Info:
    GlLayer size 1080x2400
  Layers Total         10125.00 KB (numLayers = 1)
Total GPU memory usage:
  44868 bytes, 43.82 KB (43.82 KB is purgeable)
TextureView: 1080x2400

GraphicBufferAllocator buffers:
            Handle |         Size |     W (Stride) x H | Layers |   Format |      Usage | Requestor
    0x7a2ec381e350 |      unknown | 1080 (   0) x 2400 |      1 |        1 | 0x     b00 | 55f3a28 SurfaceView[com.example.footnoted.spike.render_bench/com.example.footnoted.spike.render_bench.MainActivity]#1(BLAST Consumer)1
    0x7a2ec3821f40 |      unknown | 1080 (   0) x 2400 |      1 |        1 | 0x     b00 | VRI[MainActivity]#0(BLAST Consumer)0
    0x7a2ec38344d0 |      unknown | 1080 (   0) x 2400 |      1 |        1 | 0x     b00 | 55f3a28 SurfaceView[com.example.footnoted.spike.render_bench/com.example.footnoted.spike.render_bench.MainActivity]#1(BLAST Consumer)1
    0x7a2ec3835650 |      unknown | 1080 (   0) x 2400 |      1 |        1 | 0x     b00 | 55f3a28 SurfaceView[com.example.footnoted.spike.render_bench/com.example.footnoted.spike.render_bench.MainActivity]#1(BLAST Consumer)1
    0x7a2ec3835810 |      unknown | 1080 (   0) x 2400 |      1 |        1 | 0x     300 | ImageReader-1080x2400f22m7-15417-1
    0x7a2ec3835ea0 |      unknown | 1080 (   0) x 2400 |      1 |        1 | 0x     b00 | VRI[MainActivity]#0(BLAST Consumer)0
    0x7a2ec38360d0 |      unknown | 1080 (   0) x 2400 |      1 |        2 | 0x     300 | SurfaceTexture-0-15417-0
    0x7a2ec38361b0 |      unknown | 1080 (   0) x 2400 |      1 |        1 | 0x     300 | ImageReader-1080x2400f22m7-15417-1
    0x7a2ec383e020 |      unknown | 1080 (   0) x 2400 |      1 |        2 | 0x     300 | SurfaceTexture-0-15417-0
    0x7a2ec383e720 |      unknown | 1080 (   0) x 2400 |      1 |        2 | 0x     300 | SurfaceTexture-0-15417-0
    0x7a2ec383ea30 |      unknown | 1080 (   0) x 2400 |      1 |        1 | 0x     300 | ImageReader-1080x2400f22m7-15417-1
    0x7a2ec383ebf0 |      unknown | 1080 (   0) x 2400 |      1 |        1 | 0x     300 | ImageReader-1080x2400f22m7-15417-1
    0x7a2ec3840780 |      unknown | 1080 (   0) x 2400 |      1 |        1 | 0x     b00 | VRI[MainActivity]#0(BLAST Consumer)0
    0x7a2ec3842e70 |      unknown | 1080 (   0) x 2400 |      1 |        1 | 0x     300 | ImageReader-1080x2400f22m7-15417-1
    0x7a2ec3847ef0 |      unknown | 1080 (   0) x 2400 |      1 |        1 | 0x     300 | ImageReader-1080x2400f22m7-15417-1
    0x7a2ec384a180 |      unknown | 1080 (   0) x 2400 |      1 |        1 | 0x     300 | ImageReader-1080x2400f22m7-15417-1
Total allocated by GraphicBufferAllocator (estimate): 0.00 KB
Imported gralloc buffers:
+ name:ImageReader-1080x2400f22m7-15417-1, id:333, size:10125.31KiB, w/h:1080x2400, usage: 0x300, req fmt:1, fourcc/mod:875708993/0, dataspace: 0x0, compressed: false
+ name:ImageReader-1080x2400f22m7-15417-1, id:332, size:10125.31KiB, w/h:1080x2400, usage: 0x300, req fmt:1, fourcc/mod:875708993/0, dataspace: 0x0, compressed: false
+ name:ImageReader-1080x2400f22m7-15417-1, id:331, size:10125.31KiB, w/h:1080x2400, usage: 0x300, req fmt:1, fourcc/mod:875708993/0, dataspace: 0x0, compressed: false
+ name:ImageReader-1080x2400f22m7-15417-1, id:330, size:10125.31KiB, w/h:1080x2400, usage: 0x300, req fmt:1, fourcc/mod:875708993/0, dataspace: 0x0, compressed: false
+ name:VRI[MainActivity]#0(BLAST Consumer)0, id:315, size:10125.31KiB, w/h:1080x2400, usage: 0xb00, req fmt:1, fourcc/mod:875708993/0, dataspace: 0x8810000, compressed: false
+ name:VRI[MainActivity]#0(BLAST Consumer)0, id:326, size:10125.31KiB, w/h:1080x2400, usage: 0xb00, req fmt:1, fourcc/mod:875708993/0, dataspace: 0x8810000, compressed: false
+ name:ImageReader-1080x2400f22m7-15417-1, id:323, size:10125.31KiB, w/h:1080x2400, usage: 0x300, req fmt:1, fourcc/mod:875708993/0, dataspace: 0x0, compressed: false
+ name:VRI[MainActivity]#0(BLAST Consumer)0, id:328, size:10125.31KiB, w/h:1080x2400, usage: 0xb00, req fmt:1, fourcc/mod:875708993/0, dataspace: 0x8810000, compressed: false
+ name:SurfaceTexture-0-15417-0, id:324, size:10125.31KiB, w/h:1080x2400, usage: 0x300, req fmt:2, fourcc/mod:875709016/0, dataspace: 0x0, compressed: false
+ name:ImageReader-1080x2400f22m7-15417-1, id:322, size:10125.31KiB, w/h:1080x2400, usage: 0x300, req fmt:1, fourcc/mod:875708993/0, dataspace: 0x0, compressed: false
+ name:55f3a28 SurfaceView[com.example.footnoted.spike.render_bench/com.example.footnoted.spike.render_bench.MainActivity]#1(BLAST Con, id:321, size:10125.31KiB, w/h:1080x2400, usage: 0xb00, req fmt:1, fourcc/mod:875708993/0, dataspace: 0x8810000, compressed: false
+ name:SurfaceTexture-0-15417-0, id:325, size:10125.31KiB, w/h:1080x2400, usage: 0x300, req fmt:2, fourcc/mod:875709016/0, dataspace: 0x0, compressed: false
+ name:55f3a28 SurfaceView[com.example.footnoted.spike.render_bench/com.example.footnoted.spike.render_bench.MainActivity]#1(BLAST Con, id:317, size:10125.31KiB, w/h:1080x2400, usage: 0xb00, req fmt:1, fourcc/mod:875708993/0, dataspace: 0x8810000, compressed: false
+ name:55f3a28 SurfaceView[com.example.footnoted.spike.render_bench/com.example.footnoted.spike.render_bench.MainActivity]#1(BLAST Con, id:318, size:10125.31KiB, w/h:1080x2400, usage: 0xb00, req fmt:1, fourcc/mod:875708993/0, dataspace: 0x8810000, compressed: false
+ name:ImageReader-1080x2400f22m7-15417-1, id:327, size:10125.31KiB, w/h:1080x2400, usage: 0x300, req fmt:1, fourcc/mod:875708993/0, dataspace: 0x0, compressed: false
+ name:SurfaceTexture-0-15417-0, id:329, size:10125.31KiB, w/h:1080x2400, usage: 0x300, req fmt:2, fourcc/mod:875709016/0, dataspace: 0x0, compressed: false
Total imported by gralloc: 162005.00KiB

Profile data in ms:

	com.example.footnoted.spike.render_bench/com.example.footnoted.spike.render_bench.MainActivity/android.view.ViewRootImpl@8ec93cf (visibility=0)
Window: com.example.footnoted.spike.render_bench/com.example.footnoted.spike.render_bench.MainActivity
Stats since: 38530949800092ns
Total frames rendered: 661
Janky frames: 633 (95.76%)
Janky frames (legacy): 193 (29.20%)
50th percentile: 18ms
90th percentile: 31ms
95th percentile: 32ms
99th percentile: 42ms
Number Missed Vsync: 9
Number High input latency: 19
Number Slow UI thread: 250
Number Slow bitmap uploads: 46
Number Slow issue draw commands: 252
Number Frame deadline missed: 633
Number Frame deadline missed (legacy): 193
HISTOGRAM: 5ms=0 6ms=0 7ms=3 8ms=7 9ms=10 10ms=18 11ms=41 12ms=63 13ms=50 14ms=45 15ms=31 16ms=30 17ms=19 18ms=19 19ms=16 20ms=11 21ms=13 22ms=17 23ms=19 24ms=14 25ms=15 26ms=22 27ms=40 28ms=36 29ms=23 30ms=32 31ms=22 32ms=19 34ms=7 36ms=5 38ms=3 40ms=3 42ms=3 44ms=1 46ms=2 48ms=2 53ms=0 57ms=0 61ms=0 65ms=0 69ms=0 73ms=0 77ms=0 81ms=0 85ms=0 89ms=0 93ms=0 97ms=0 101ms=0 105ms=0 109ms=0 113ms=0 117ms=0 121ms=0 125ms=0 129ms=0 133ms=0 150ms=0 200ms=0 250ms=0 300ms=0 350ms=0 400ms=0 450ms=0 500ms=0 550ms=0 600ms=0 650ms=0 700ms=0 750ms=0 800ms=0 850ms=0 900ms=0 950ms=0 1000ms=0 1050ms=0 1100ms=0 1150ms=0 1200ms=0 1250ms=0 1300ms=0 1350ms=0 1400ms=0 1450ms=0 1500ms=0 1550ms=0 1600ms=0 1650ms=0 1700ms=0 1750ms=0 1800ms=0 1850ms=0 1900ms=0 1950ms=0 2000ms=0 2050ms=0 2100ms=0 2150ms=0 2200ms=0 2250ms=0 2300ms=0 2350ms=0 2400ms=0 2450ms=0 2500ms=0 2550ms=0 2600ms=0 2650ms=0 2700ms=0 2750ms=0 2800ms=0 2850ms=0 2900ms=0 2950ms=0 3000ms=0 3050ms=0 3100ms=0 3150ms=0 3200ms=0 3250ms=0 3300ms=0 3350ms=0 3400ms=0 3450ms=0 3500ms=0 3550ms=0 3600ms=0 3650ms=0 3700ms=0 3750ms=0 3800ms=0 3850ms=0 3900ms=0 3950ms=0 4000ms=0 4050ms=0 4100ms=0 4150ms=0 4200ms=0 4250ms=0 4300ms=0 4350ms=0 4400ms=0 4450ms=0 4500ms=0 4550ms=0 4600ms=0 4650ms=0 4700ms=0 4750ms=0 4800ms=0 4850ms=0 4900ms=0 4950ms=0
50th gpu percentile: 9ms
90th gpu percentile: 20ms
95th gpu percentile: 21ms
99th gpu percentile: 24ms
GPU HISTOGRAM: 1ms=1 2ms=3 3ms=10 4ms=52 5ms=70 6ms=69 7ms=58 8ms=54 9ms=52 10ms=38 11ms=17 12ms=18 13ms=9 14ms=21 15ms=19 16ms=25 17ms=22 18ms=26 19ms=29 20ms=21 21ms=18 22ms=11 23ms=9 24ms=6 25ms=1 4950ms=2



---PROFILEDATA---
Flags,FrameTimelineVsyncId,IntendedVsync,Vsync,InputEventId,HandleInputStart,AnimationStart,PerformTraversalsStart,DrawStart,FrameDeadline,FrameStartTime,FrameInterval,WorkloadTarget,SyncQueued,SyncStart,IssueDrawCommandsStart,SwapBuffers,FrameCompleted,DequeueBufferDuration,QueueBufferDuration,GpuCompleted,SwapBuffersCompleted,DisplayPresentTime,CommandSubmissionCompleted,
0,181701,38601923428464,38601923428464,0,38601931245155,38601931246091,38601931246608,38601931320351,38601940095130,38601931241827,16666666,16666666,38601932507129,38601937485399,38601937513512,38601938023402,38601949308100,5395,515343,38601949308100,38601939483193,0,38601938023402,
0,181733,38601990095128,38601990095128,0,38601991315043,38601991315697,38601991316137,38601991775009,38602006761794,38601991311711,16666666,16666666,38601993449682,38601998210926,38601998294377,38601999660943,38602007739687,1767,295173,38602007739687,38602000760785,0,38601999660943,
0,181756,38602023428460,38602023428460,0,38602027871429,38602027872000,38602027872402,38602027931646,38602040095126,38602027868651,16666666,16666666,38602029445217,38602034922120,38602035053965,38602037454953,38602050037578,1966,203002,38602050037578,38602039389506,0,38602037454953,
0,181787,38602090095124,38602090095124,0,38602093460048,38602093460827,38602093461318,38602093521593,38602106761790,38602093457453,16666666,16666666,38602095125402,38602102542052,38602102598161,38602104083992,38602110117943,1960,183281,38602110117943,38602107202304,0,38602104083992,
0,181803,38602123428456,38602123428456,0,38602129065160,38602129065883,38602129066316,38602129141122,38602140095122,38602129061504,16666666,16666666,38602131147882,38602136055604,38602136108531,38602136608339,38602142367939,2498,298680,38602142367939,38602140229050,0,38602136608339,
0,181818,38602140095122,38602140095122,0,38602143176189,38602143177093,38602143177609,38602143254947,38602173428454,38602143171781,16666666,16666666,38602150384876,38602154871127,38602156488033,38602157050081,38602170234547,6182,9639424,38602169708588,38602170234547,0,38602157050081,
0,181842,38602190095120,38602190095120,0,38602192794285,38602192795457,38602192796008,38602192879163,38602206761786,38602192788810,16666666,16666666,38602198266386,38602204774922,38602206820361,38602207308806,38602225968591,5685,2070017,38602225968591,38602214292017,0,38602207308806,
0,181898,38602356761780,38602356761780,0,38602362813316,38602362814370,38602362815232,38602362889185,38602373428446,38602362810315,16666666,16666666,38602368345413,38602375149192,38602375293182,38602378403028,38602392924339,6117,437911,38602392924339,38602379764232,0,38602378403028,
0,181930,38602440095110,38602440095110,0,38602445538063,38602445538785,38602445539217,38602445651990,38602456761776,38602445533757,16666666,16666666,38602446642706,38602451639690,38602451661839,38602452785105,38602457798998,4221,373551,38602457798998,38602453849248,0,38602452785105,
0,181962,38602523428440,38602523428440,0,38602529158868,38602529159706,38602529160201,38602529213640,38602540095106,38602529155539,16666666,16666666,38602534510833,38602539585401,38602541263004,38602544522492,38602561899921,4417,292595,38602561899921,38602545514487,0,38602544522492,
0,182018,38602656761768,38602656761768,0,38602672792934,38602672793811,38602672794230,38602672903829,38602673428434,38602672788137,16666666,16666666,38602678911649,38602686969076,38602687094530,38602689425182,38602709598132,1942,168151,38602709598132,38602690303445,0,38602689425182,
0,182034,38602706761766,38602706761766,0,38602716314565,38602716315597,38602716316018,38602716720638,38602740095098,38602716310963,16666666,16666666,38602719380181,38602726781932,38602726897584,38602728314950,38602745456038,3257,1607872,38602745456038,38602732075726,0,38602728314950,
0,182058,38602773428430,38602773428430,0,38602775669350,38602775670514,38602775670915,38602775744989,38602790095096,38602775665019,16666666,16666666,38602778663071,38602786987438,38602791050404,38602791716664,38602808405133,3660,824573,38602808405133,38602794027783,0,38602791716664,
0,182088,38602840095094,38602840095094,0,38602842628958,38602842630393,38602842630963,38602843091426,38602856761760,38602842623850,16666666,16666666,38602845697544,38602853237289,38602853290403,38602854448433,38602859581451,3140,183375,38602859581451,38602856060134,0,38602854448433,
0,182111,38602890095092,38602890095092,0,38602898308860,38602898309608,38602898310105,38602898374769,38602906761758,38602898305439,16666666,16666666,38602901605601,38602910405108,38602910511134,38602914101702,38602921540189,2652,3123334,38602921495830,38602921540189,0,38602914101702,
0,182135,38602940095090,38602940095090,0,38602943700042,38602943700999,38602943701487,38602943780526,38602956761756,38602943695570,16666666,16666666,38602945303301,38602951675792,38602952502024,38602954516133,38602960419451,4198,296005,38602960419451,38602956664693,0,38602954516133,
0,182151,38602973428422,38602973428422,0,38602974828085,38602974828624,38602974829074,38602974887688,38602990095088,38602974825470,16666666,16666666,38602976272461,38602983707341,38602983812608,38602984284145,38602988385602,5646,2041767,38602987758975,38602988385602,0,38602984284145,
0,182182,38603023428420,38603023428420,0,38603027237063,38603027237773,38603027238229,38603027300848,38603040095086,38603027233240,16666666,16666666,38603028539499,38603038693471,38603042108212,38603042660044,38603052573997,2064,122444,38603052573997,38603044064823,0,38603042660044,
0,182197,38603040095086,38603040095086,0,38603044134302,38603044135276,38603044135673,38603044245152,38603073428418,38603044130164,16666666,16666666,38603047088980,38603050855791,38603050972506,38603051413372,38603075148612,15291890,201475,38603075148612,38603067961915,0,38603051413372,
0,182221,38603090095084,38603090095084,0,38603092212510,38603092213882,38603092214299,38603092289440,38603106761750,38603092208586,16666666,16666666,38603097436086,38603105844235,38603107744154,38603109515850,38603124525440,3776,2844289,38603124525440,38603115086693,0,38603109515850,
0,182261,38603173428414,38603173428414,0,38603181326468,38603181328511,38603181328973,38603181419619,38603190095080,38603181205648,16666666,16666666,38603185456341,38603193255504,38603193274931,38603194405501,38603208411097,2184,252134,38603208411097,38603196142569,0,38603194405501,
0,182301,38603256761744,38603256761744,0,38603258691377,38603258692181,38603258692691,38603258756976,38603273428410,38603258687596,16666666,16666666,38603262189644,38603266751533,38603266771016,38603267078278,38603275479296,4140,334163,38603275479296,38603270165262,0,38603267078278,
0,182332,38603306761742,38603306761742,0,38603315852169,38603315853107,38603315853657,38603315931591,38603323428408,38603315848015,16666666,16666666,38603316703102,38603323668404,38603323816081,38603325476947,38603341010288,2226,291949,38603341010288,38603326572722,0,38603325476947,
0,182363,38603373428406,38603373428406,0,38603376403286,38603376404315,38603376404797,38603376472982,38603390095072,38603376399775,16666666,16666666,38603380048633,38603387441440,38603389227992,38603395538737,38603408652122,3865,1150372,38603408652122,38603406532257,0,38603395538737,
0,182380,38603423428404,38603423428404,0,38603426542335,38603426543333,38603426543821,38603426625062,38603440095070,38603426537693,16666666,16666666,38603432568257,38603436144300,38603436954186,38603437654026,38603443105085,5924,2270943,38603442268386,38603443105085,0,38603437654026,
0,182419,38603523428400,38603523428400,0,38603536618542,38603536619645,38603536620166,38603536700806,38603540095066,38603536613771,16666666,16666666,38603539685320,38603548515235,38603548709675,38603549913553,38603553390983,5016,1565990,38603553318688,38603553390983,0,38603549913553,
0,182450,38603623428396,38603623428396,0,38603628140056,38603628140773,38603628141259,38603628203793,38603640095062,38603628137325,16666666,16666666,38603634010595,38603650198863,38603656129575,38603661927825,38603670271768,5867,830097,38603670190314,38603670271768,0,38603661927825,
0,182473,38603690095060,38603690095060,0,38603692504416,38603692505506,38603692506043,38603692576386,38603706761726,38603692500906,16666666,16666666,38603697492710,38603704658501,38603707089431,38603707707045,38603715810487,3280,1355841,38603715758790,38603715810487,0,38603707707045,
0,182537,38603823428388,38603823428388,0,38603826059267,38603826059770,38603826060253,38603826108518,38603840095054,38603826057068,16666666,16666666,38603831111300,38603841811441,38603845330957,38603848692796,38603854709727,5374,1411523,38603854616484,38603854709727,0,38603848692796,
0,182570,38603906761718,38603906761718,0,38603910931299,38603910932015,38603910932465,38603911088598,38603923428384,38603910927739,16666666,16666666,38603912263478,38603918737645,38603920613974,38603921375112,38603924433837,1930,206720,38603924433837,38603923177648,0,38603921375112,
0,182593,38603956761716,38603956761716,0,38603959513237,38603959514343,38603959514859,38603959589753,38603973428382,38603959509889,16666666,16666666,38603962559674,38603967545206,38603970109238,38603971109902,38603974551496,9514,315051,38603974551496,38603972740023,0,38603971109902,
0,182624,38604006761714,38604006761714,0,38604015069949,38604015071027,38604015071572,38604015143117,38604023428380,38604015066439,16666666,16666666,38604018918443,38604027319347,38604027347114,38604030846260,38604041560988,2726,2263597,38604040670847,38604041560988,0,38604030846260,
0,182671,38604123428376,38604123428376,0,38604127325920,38604127326846,38604127327350,38604127396871,38604140095042,38604127322568,16666666,16666666,38604133622432,38604138603576,38604138760990,38604139405614,38604145147960,6327,1606281,38604144168874,38604145147960,0,38604139405614,
0,182703,38604190095040,38604190095040,0,38604203231312,38604203232381,38604203232898,38604203312416,38604206761706,38604203226891,16666666,16666666,38604207326909,38604215766757,38604215890917,38604216311644,38604225614004,3166,1239773,38604225614004,38604218649615,0,38604216311644,
0,182750,38604290095036,38604290095036,0,38604299256696,38604299257314,38604299257778,38604299325637,38604306761702,38604299252228,16666666,16666666,38604299758948,38604305656101,38604305701695,38604306434439,38604311873469,3315,4146697,38604310536646,38604311873469,0,38604306434439,
0,182798,38604390095032,38604390095032,0,38604392298978,38604392299905,38604392300607,38604392375490,38604406761698,38604392295425,16666666,16666666,38604394917694,38604402126487,38604402185884,38604402633907,38604409779931,2413,260637,38604409779931,38604405534388,0,38604402633907,
0,182830,38604456761696,38604456761696,0,38604462777612,38604462778604,38604462779017,38604462858138,38604473428362,38604462772746,16666666,16666666,38604467112726,38604477167603,38604477265397,38604477894893,38604492145590,2208,253432,38604492145590,38604481318221,0,38604477894893,
0,182877,38604556761692,38604556761692,0,38604563353036,38604563354053,38604563354572,38604564513824,38604573428358,38604563348014,16666666,16666666,38604570066172,38604578227788,38604579243157,38604582063318,38604587196405,1960,162073,38604587151399,38604587196405,0,38604582063318,
0,182917,38604656761688,38604656761688,0,38604660739055,38604660739752,38604660740199,38604660813936,38604673428354,38604660735095,16666666,16666666,38604665228070,38604670499303,38604670661944,38604671175781,38604674823924,6003,2681922,38604674747766,38604674823924,0,38604671175781,
0,182948,38604723428352,38604723428352,0,38604727082935,38604727084003,38604727084423,38604727160745,38604740095018,38604727079231,16666666,16666666,38604728722382,38604734754748,38604734887467,38604736325600,38604760509476,1733,131571,38604760509476,38604742847985,0,38604736325600,
0,182980,38604806761682,38604806761682,0,38604808259057,38604808260182,38604808260638,38604808333270,38604823428348,38604808255411,16666666,16666666,38604809384910,38604818347482,38604818466215,38604819057156,38604826677075,1895,133494,38604826677075,38604819673052,0,38604819057156,
0,182995,38604823428348,38604823428348,0,38604827066655,38604827067219,38604827067644,38604827117061,38604856761680,38604827064329,16666666,16666666,38604835666891,38604842401498,38604842436973,38604843541536,38604860790785,2079,226600,38604860790785,38604845618762,0,38604843541536,
0,183012,38604873428346,38604873428346,0,38604876504367,38604876505389,38604876505779,38604876575117,38604890095012,38604876501251,16666666,16666666,38604880523908,38604886878329,38604889003954,38604889963811,38604908214541,5283,2667869,38604908214541,38604893786592,0,38604889963811,
0,183058,38604990095008,38604990095008,0,38604997800774,38604997801671,38604997802091,38604997930490,38605006761674,38604997797403,16666666,16666666,38604999073733,38605003376070,38605003423407,38605004052158,38605008888127,3705,771778,38605008888127,38605007060863,0,38605004052158,
0,183097,38605056761672,38605056761672,0,38605059735823,38605059736672,38605059737114,38605059802025,38605073428338,38605059732293,16666666,16666666,38605061723828,38605066461350,38605066634689,38605067302912,38605077440855,2280,162420,38605077440855,38605068212094,0,38605067302912,
0,183128,38605106761670,38605106761670,0,38605110273241,38605110274027,38605110274506,38605110323157,38605123428336,38605110270225,16666666,16666666,38605117938356,38605122686290,38605123402461,38605123719420,38605141615022,1982,190245,38605141615022,38605130154233,0,38605123719420,
0,183144,38605140095002,38605140095002,0,38605146050025,38605146051195,38605146051813,38605146153360,38605173428334,38605146045267,16666666,16666666,38605148365303,38605151362981,38605152096052,38605152435090,38605159038611,5381,699324,38605159038611,38605154249370,0,38605152435090,
0,183167,38605173428334,38605173428334,0,38605175578341,38605175579037,38605175579517,38605175645582,38605190095000,38605175575333,16666666,16666666,38605179757354,38605186507824,38605186722516,38605187342119,38605192430204,3675,247720,38605192430204,38605189504427,0,38605187342119,
0,183191,38605223428332,38605223428332,0,38605226424188,38605226425407,38605226425948,38605226505678,38605240094998,38605226419344,16666666,16666666,38605231748410,38605236948407,38605237044259,38605238205864,38605243055620,4711,3259515,38605242773784,38605243055620,0,38605238205864,
0,183206,38605256761664,38605256761664,0,38605259251804,38605259252998,38605259253492,38605259346886,38605273428330,38605259232793,16666666,16666666,38605264638415,38605270377228,38605270429158,38605272560152,38605276153917,5452,461774,38605276072932,38605276153917,0,38605272560152,
0,183221,38605290094996,38605290094996,0,38605294970035,38605294970940,38605294971487,38605295067293,38605306761662,38605294964774,16666666,16666666,38605295905737,38605301879342,38605302118985,38605302900674,38605312765561,4814,349657,38605312765561,38605304881761,0,38605302900674,
0,183252,38605340094994,38605340094994,0,38605348262529,38605348263256,38605348263958,38605348492922,38605356761660,38605348258232,16666666,16666666,38605349029894,38605358625272,38605358748008,38605360132959,38605374979521,2938,171176,38605374979521,38605362367306,0,38605360132959,
0,183284,38605406761658,38605406761658,0,38605408164635,38605408165568,38605408166046,38605408235229,38605423428324,38605408161151,16666666,16666666,38605410895758,38605416799153,38605416903785,38605417706193,38605424195207,4348,439730,38605424195207,38605420892751,0,38605417706193,
0,183300,38605440094990,38605440094990,0,38605443578927,38605443579854,38605443580238,38605443656438,38605456761656,38605443575350,16666666,16666666,38605446217882,38605452144528,38605452252021,38605452998814,38605458880938,4212,304527,38605458880938,38605454050511,0,38605452998814,
0,183331,38605490094988,38605490094988,0,38605494000424,38605494001362,38605494001772,38605494084826,38605506761654,38605493995869,16666666,16666666,38605498894987,38605503961714,38605505548269,38605507897859,38605521880184,5793,5222913,38605521256455,38605521880184,0,38605507897859,
0,183347,38605540094986,38605540094986,0,38605543338189,38605543339117,38605543339638,38605543415341,38605556761652,38605543334074,16666666,16666666,38605547210110,38605552634171,38605552739026,38605553065945,38605558463448,2257,1723716,38605558267556,38605558463448,0,38605553065945,
0,183370,38605590094984,38605590094984,0,38605595276733,38605595277412,38605595277871,38605595344407,38605606761650,38605595272611,16666666,16666666,38605597145897,38605603634351,38605603854287,38605605203286,38605609239548,2922,370512,38605609239548,38605606669102,0,38605605203286,
0,183386,38605623428316,38605623428316,0,38605636656256,38605636657199,38605636657927,38605636872938,38605640094982,38605636652724,16666666,16666666,38605637876316,38605643668602,38605643744571,38605645049392,38605659511291,6328,468677,38605659511291,38605649191442,0,38605645049392,
0,183409,38605673428314,38605673428314,0,38605677747799,38605677748835,38605677749338,38605677818585,38605690094980,38605677744501,16666666,16666666,38605687869580,38605703435538,38605711656386,38605712210634,38605718976969,10747,3060065,38605718566352,38605718976969,0,38605712210634,
0,183441,38605756761644,38605756761644,0,38605767404486,38605767405629,38605767406114,38605767495676,38605773428310,38605767401055,16666666,16666666,38605775429565,38605788468658,38605788607742,38605794362273,38605804884203,6000,9548506,38605804794199,38605804884203,0,38605794362273,
0,183466,38605873428306,38605873428306,0,38605877590830,38605877591547,38605877592043,38605877655794,38605890094972,38605877587834,16666666,16666666,38605885731432,38605896176144,38605898208183,38605899914228,38605908496694,5750,1987696,38605908496694,38605903025690,0,38605899914228,
0,183521,38606006761634,38606006761634,0,38606015676726,38606015677488,38606015677952,38606015746864,38606023428300,38606015672661,16666666,16666666,38606020716165,38606033795408,38606033960606,38606036447629,38606044942983,2382,224852,38606044942983,38606037505171,0,38606036447629,
0,183569,38606140094962,38606140094962,0,38606144163239,38606144164195,38606144164823,38606144243765,38606156761628,38606144159866,16666666,16666666,38606147299720,38606163988817,38606164021364,38606164518172,38606181576681,5773,13931672,38606180377320,38606181576681,0,38606164518172,
0,183617,38606256761624,38606256761624,0,38606263575741,38606263576825,38606263577233,38606263657412,38606273428290,38606263571576,16666666,16666666,38606266493887,38606273624092,38606274857298,38606276083764,38606291325646,2371,565478,38606291325646,38606283873179,0,38606276083764,
0,183657,38606340094954,38606340094954,0,38606353952651,38606353954719,38606353955204,38606354060045,38606356761620,38606353337476,16666666,16666666,38606357956921,38606364081245,38606364194602,38606364538192,38606376700119,2023,150289,38606376700119,38606365209846,0,38606364538192,
0,183697,38606423428284,38606423428284,0,38606425273680,38606425274579,38606425275111,38606425344734,38606440094950,38606425270146,16666666,16666666,38606436975452,38606439935951,38606440217117,38606444629695,38606460463612,6237,668079,38606460463612,38606446482201,0,38606444629695,
0,183721,38606473428282,38606473428282,0,38606477453380,38606477454451,38606477454998,38606477528782,38606490094948,38606477448765,16666666,16666666,38606478688751,38606493079837,38606493588978,38606496082050,38606510013160,2323,746505,38606510013160,38606501184219,0,38606496082050,
0,183738,38606523428280,38606523428280,0,38606524407201,38606524407829,38606524408310,38606524584772,38606540094946,38606524403364,16666666,16666666,38606528923837,38606538298188,38606538371457,38606539893632,38606560516059,6249,310169,38606560516059,38606543511268,0,38606539893632,
0,183760,38606573428278,38606573428278,0,38606583172578,38606583173563,38606583174040,38606583290222,38606590094944,38606583167741,16666666,16666666,38606585005567,38606596269290,38606596304465,38606596801491,38606610877113,3857,232938,38606610877113,38606598927076,0,38606596801491,
0,183785,38606640094942,38606640094942,0,38606642989808,38606642990825,38606642991318,38606643069160,38606656761608,38606642985620,16666666,16666666,38606651247285,38606659876765,38606659894269,38606662378843,38606675995377,3098,1795528,38606675995377,38606665111327,0,38606662378843,
0,183833,38606773428270,38606773428270,0,38606781537532,38606781538620,38606781539245,38606781637552,38606790094936,38606781533181,16666666,16666666,38606787494426,38606793259926,38606796551028,38606798571107,38606807567352,4544,309217,38606807567352,38606800327346,0,38606798571107,
0,183871,38606856761600,38606856761600,0,38606857686820,38606857687929,38606857688437,38606857761251,38606873428266,38606857683311,16666666,16666666,38606858688204,38606864930873,38606865036384,38606865780287,38606875339435,4224,1642164,38606873500577,38606875339435,0,38606865780287,
0,183925,38606973428262,38606973428262,0,38606981793108,38606981794301,38606981794843,38606981871015,38606990094928,38606981789461,16666666,16666666,38606990126899,38606997043996,38606997867779,38606999136339,38607004502356,3610,1936100,38607004322314,38607004502356,0,38606999136339,
0,183964,38607106761590,38607106761590,0,38607120086911,38607120087880,38607120088394,38607120154542,38607123428256,38607120083742,16666666,16666666,38607123981483,38607131947498,38607131972142,38607132447367,38607140798100,6936,2310133,38607140798100,38607137810138,0,38607132447367,
0,184003,38607206761586,38607206761586,0,38607211653474,38607211654237,38607211654724,38607211720099,38607223428252,38607211650499,16666666,16666666,38607219061068,38607232436666,38607232556859,38607234593856,38607243236716,4734,380316,38607243236716,38607236497778,0,38607234593856,
0,184020,38607256761584,38607256761584,0,38607259247732,38607259248469,38607259248947,38607259313642,38607273428250,38607259245077,16666666,16666666,38607270149800,38607278155862,38607278775870,38607279289249,38607295525178,3467,2940811,38607295525178,38607283101475,0,38607279289249,
0,184036,38607306761582,38607306761582,0,38607315003470,38607315004587,38607315005024,38607315082702,38607323428248,38607314999569,16666666,16666666,38607318296629,38607330228364,38607330884354,38607332598849,38607344069398,2117,177816,38607344069398,38607333538204,0,38607332598849,
0,184067,38607390094912,38607390094912,0,38607392074700,38607392075443,38607392075937,38607392142007,38607406761578,38607392071650,16666666,16666666,38607393725981,38607402894463,38607404722448,38607407748730,38607411878085,5031,339066,38607411878085,38607410717230,0,38607407748730,
0,184098,38607440094910,38607440094910,0,38607443871534,38607443874290,38607443876056,38607443945760,38607456761576,38607443863608,16666666,16666666,38607450861346,38607457713948,38607459344003,38607459934087,38607475879521,4202,349248,38607475879521,38607464805459,0,38607459934087,
0,184121,38607490094908,38607506761574,0,38607506840201,38607506841299,38607506841817,38607506924317,38607506761574,38607506834578,16666666,16666666,38607509410027,38607514446699,38607515613863,38607516684108,38607523959093,6479,273286,38607523959093,38607517676548,0,38607516684108,
0,184137,38607523428240,38607523428240,0,38607526181443,38607526182457,38607526182855,38607526419638,38607556761572,38607526177793,16666666,16666666,38607527529148,38607534485339,38607534629809,38607535756683,38607545192103,5946,1142564,38607545192103,38607538426932,0,38607535756683,
0,184160,38607556761572,38607556761572,0,38607563097692,38607563098751,38607563099322,38607563193357,38607573428238,38607563081794,16666666,16666666,38607567903130,38607578458946,38607582989627,38607583813255,38607590897333,3873,361120,38607590897333,38607585086475,0,38607583813255,
0,184200,38607656761568,38607656761568,0,38607666799201,38607666800182,38607666800686,38607666879991,38607673428234,38607666794456,16666666,16666666,38607667988682,38607671856648,38607672061915,38607672481465,38607675118041,2650,283990,38607675118041,38607673545315,0,38607672481465,
0,184232,38607723428232,38607723428232,0,38607725347867,38607725348919,38607725349422,38607725459493,38607740094898,38607725344047,16666666,16666666,38607731142673,38607736146360,38607736309001,38607737741490,38607741192109,4046,302649,38607741192109,38607739944297,0,38607737741490,
0,184272,38607806761562,38607806761562,0,38607808311777,38607808312503,38607808313038,38607808374724,38607823428228,38607808308675,16666666,16666666,38607809462210,38607815674597,38607815800167,38607818083637,38607824344336,6109,1490556,38607824344336,38607821382176,0,38607818083637,
0,184366,38607990094888,38607990094888,0,38607993055418,38607993056392,38607993056792,38607993507794,38608006761554,38607993051972,16666666,16666666,38608000121744,38608008013147,38608008036089,38608010327221,38608025547008,2482,190827,38608025547008,38608012414012,0,38608010327221,
0,184406,38608073428218,38608073428218,0,38608077124596,38608077125612,38608077126338,38608077191550,38608090094884,38608077120824,16666666,16666666,38608082901980,38608090682223,38608090746631,38608098654938,38608102271358,5430,2630293,38608102160678,38608102271358,0,38608098654938,
0,184438,38608156761548,38608156761548,0,38608160053645,38608160054397,38608160054913,38608160113663,38608173428214,38608160050958,16666666,16666666,38608165160805,38608169535714,38608171041432,38608178261185,38608191862526,5914,274861,38608191862526,38608181692597,0,38608178261185,
0,184518,38608340094874,38608340094874,0,38608351440493,38608351441206,38608351441713,38608351521033,38608356761540,38608351435638,16666666,16666666,38608353833167,38608361485107,38608361508970,38608363376704,38608377395539,4898,282304,38608377395539,38608366714238,0,38608363376704,
0,184582,38608490094868,38608490094868,0,38608493430027,38608493430750,38608493431209,38608493504661,38608506761534,38608493425747,16666666,16666666,38608499971624,38608513928727,38608514043168,38608514970414,38608522818202,2903,3780067,38608522469243,38608522818202,0,38608514970414,
0,184630,38608606761530,38608606761530,0,38608610390666,38608610391476,38608610391978,38608610451891,38608623428196,38608610387340,16666666,16666666,38608618298263,38608622768916,38608622877303,38608623420224,38608629177537,3065,2567424,38608629130685,38608629177537,0,38608623420224,
0,184653,38608656761528,38608656761528,0,38608659980203,38608659981168,38608659981580,38608660056578,38608673428194,38608659976361,16666666,16666666,38608661750994,38608666509457,38608666606005,38608668881888,38608677801793,4367,4686054,38608675927548,38608677801793,0,38608668881888,
0,184692,38608740094858,38608740094858,0,38608742557934,38608742558590,38608742559254,38608742629365,38608756761524,38608742554531,16666666,16666666,38608748002313,38608754128690,38608754276764,38608755439499,38608768682949,1908,179636,38608768661462,38608768682949,0,38608755439499,
0,184755,38608906761518,38608906761518,0,38608910477502,38608910478334,38608910478941,38608910559445,38608923428184,38608910473112,16666666,16666666,38608918035172,38608927027371,38608927153929,38608927681917,38608943284227,7958,430204,38608943284227,38608931444757,0,38608927681917,
0,184818,38609056761512,38609056761512,0,38609060236600,38609060237627,38609060238120,38609060364692,38609073428178,38609060211362,16666666,16666666,38609062788197,38609071187465,38609071342374,38609071911411,38609076413230,3357,924366,38609076413230,38609075219626,0,38609071911411,
0,184866,38609173428174,38609173428174,0,38609185292585,38609185293837,38609185294260,38609185382242,38609190094840,38609185288871,16666666,16666666,38609190452744,38609200917136,38609201185013,38609201917001,38609207791055,5625,2449769,38609207791055,38609205961594,0,38609201917001,
0,184915,38609290094836,38609290094836,0,38609291408657,38609291409470,38609291410179,38609291477164,38609306761502,38609291404548,16666666,16666666,38609298917681,38609305131215,38609305306225,38609307741023,38609325577913,2289,1372237,38609325577913,38609310147108,0,38609307741023,
0,184961,38609390094832,38609390094832,0,38609396477899,38609396478580,38609396479014,38609396545374,38609406761498,38609396475249,16666666,16666666,38609399846106,38609407236676,38609407257441,38609416594577,38609426270880,5813,1593684,38609426270880,38609419087218,0,38609416594577,
0,185000,38609490094828,38609490094828,0,38609493920361,38609493921162,38609493921637,38609493986441,38609506761494,38609493917328,16666666,16666666,38609498752178,38609503507057,38609503640258,38609504662390,38609526355609,6557,387739,38609526355609,38609507930318,0,38609504662390,
0,185049,38609656761488,38609656761488,0,38609660077463,38609660078449,38609660078989,38609660322187,38609673428154,38609660073296,16666666,16666666,38609666493725,38609686192801,38609686297056,38609696706460,38609726216920,2833,714806,38609726216920,38609706041412,0,38609696706460,
0,185096,38609790094816,38609790094816,0,38609797265785,38609797266738,38609797267375,38609799162881,38609806761482,38609797262058,16666666,16666666,38609800950088,38609811733882,38609815347162,38609817522609,38609824655543,8594,1096958,38609824655543,38609821909440,0,38609817522609,
0,185159,38609940094810,38609940094810,0,38609944662122,38609944663071,38609944663588,38609944739619,38609956761476,38609944658362,16666666,16666666,38609951575235,38609969591489,38609969742008,38609970957797,38609992103920,3388,2447226,38609992103920,38609975624647,0,38609970957797,
0,185216,38610123428136,38610123428136,0,38610124945413,38610124946442,38610124947235,38610125123148,38610140094802,38610124941651,16666666,16666666,38610131792405,38610143627861,38610143650055,38610144720504,38610158754296,3319,1508097,38610158754296,38610147187579,0,38610144720504,
0,185278,38610256761464,38610256761464,0,38610260447731,38610260448417,38610260448868,38610260498381,38610273428130,38610260445256,16666666,16666666,38610260953246,38610271416743,38610271945021,38610272550473,38610290685404,2263,207341,38610290685404,38610277507726,0,38610272550473,
0,185350,38610406761458,38610406761458,0,38610419558073,38610419558873,38610419559354,38610419624413,38610423428124,38610419553961,16666666,16666666,38610420945884,38610427178840,38610427331387,38610430137471,38610444212242,2434,476598,38610444212242,38610432411993,0,38610430137471,
0,185463,38610690094780,38610690094780,0,38610691033961,38610691034922,38610691035307,38610691108057,38610706761446,38610691030359,16666666,16666666,38610694491435,38610702287532,38610702320230,38610702856336,38610721080365,5376,6193396,38610721080365,38610709819617,0,38610702856336,
0,185518,38610823428108,38610823428108,0,38610825280449,38610825281282,38610825281744,38610825337927,38610840094774,38610825278036,16666666,16666666,38610833194530,38610840256171,38610840365257,38610841023627,38610843172667,4293,502621,38610843086047,38610843172667,0,38610841023627,
0,185559,38610956761436,38610956761436,0,38610959168119,38610959169096,38610959169621,38610959244448,38610973428102,38610959164697,16666666,16666666,38610967119242,38610980318759,38610983356535,38610985920117,38610993429621,3802,4953399,38610992487925,38610993429621,0,38610985920117,
0,185575,38611173428094,38611173428094,0,38611175136909,38611175137971,38611175138509,38611175205565,38611190094760,38611175133106,16666666,16666666,38611177112491,38611186630285,38611186799175,38611188031310,38611207485020,5359,669923,38611207485020,38611191840303,0,38611188031310,
0,185590,38611240094758,38611240094758,0,38611243642239,38611243643364,38611243644011,38611243718233,38611256761424,38611243638352,16666666,16666666,38611245606967,38611253054089,38611253188564,38611255309077,38611274984248,6348,476575,38611274984248,38611257260163,0,38611255309077,
0,185605,38611306761422,38611306761422,0,38611309333875,38611309334995,38611309335634,38611309405255,38611323428088,38611309330197,16666666,16666666,38611310871323,38611318606982,38611318710397,38611321543086,38611343823343,7479,1607178,38611343823343,38611325738150,0,38611321543086,
0,185620,38611406761418,38611406761418,0,38611409135362,38611409136067,38611409136523,38611409198846,38611423428084,38611409132733,16666666,16666666,38611412198772,38611418758432,38611418822005,38611419226868,38611424106356,1991,259444,38611424106356,38611420426048,0,38611419226868,
0,185636,38611506761414,38611506761414,0,38611508629514,38611508630592,38611508631101,38611508700729,38611523428080,38611508626330,16666666,16666666,38611510585280,38611516678829,38611516812872,38611520020997,38611529830356,6006,4328945,38611529731969,38611529830356,0,38611520020997,
0,185651,38611606761410,38611606761410,0,38611608689600,38611608690518,38611608691140,38611608759026,38611623428076,38611608686569,16666666,16666666,38611611265386,38611616908549,38611617049797,38611618332564,38611624149391,1924,192042,38611624149391,38611619056542,0,38611618332564,
0,185667,38611690094740,38611690094740,0,38611692038711,38611692039428,38611692039916,38611692104933,38611706761406,38611692035676,16666666,16666666,38611693554805,38611699725116,38611699880222,38611701692588,38611708646103,5615,294133,38611708646103,38611702883639,0,38611701692588,
0,185683,38611756761404,38611756761404,0,38611758859027,38611758859758,38611758860206,38611759013154,38611773428070,38611758854643,16666666,16666666,38611763554636,38611770692724,38611770894967,38611773552933,38611792671031,3047,726319,38611792671031,38611776149849,0,38611773552933,
0,185698,38611823428068,38611823428068,0,38611825774822,38611825775843,38611825776363,38611825885724,38611840094734,38611825771181,16666666,16666666,38611828369346,38611834557256,38611834625589,38611835001704,38611841837651,3241,255338,38611841837651,38611835834401,0,38611835001704,
0,185714,38611890094732,38611890094732,0,38611890977893,38611890978863,38611890979466,38611891049155,38611906761398,38611890974760,16666666,16666666,38611892546673,38611899319031,38611899473520,38611900403477,38611908648522,2129,224409,38611908648522,38611902192629,0,38611900403477,
0,185730,38611956761396,38611956761396,0,38611959493126,38611959494140,38611959494719,38611959573596,38611973428062,38611959489894,16666666,16666666,38611962057591,38611967408531,38611967595487,38611969473872,38611974850257,5288,350343,38611974850257,38611971164611,0,38611969473872,
0,185746,38612056761392,38612056761392,0,38612058655609,38612058656586,38612058657104,38612058727740,38612073428058,38612058652053,16666666,16666666,38612059558291,38612067461934,38612069269799,38612070230181,38612075623877,3905,284700,38612075623877,38612071858244,0,38612070230181,
---PROFILEDATA---


View hierarchy:

  com.example.footnoted.spike.render_bench/com.example.footnoted.spike.render_bench.MainActivity/android.view.ViewRootImpl@8ec93cf
  12 views, 21.18 kB of render nodes


Total ViewRootImpl   : 1
Total attached Views : 12
Total RenderNode     : 21.18 kB (used) / 68.66 kB (capacity)

