Applications Graphics Acceleration Info:
Uptime: 39020024 Realtime: 39020024

** Graphics info for pid 24488 [com.example.footnoted.spike.render_bench] **

Stats since: 38937429098736ns
Total frames rendered: 1248
Janky frames: 606 (48.56%)
Janky frames (legacy): 194 (15.54%)
50th percentile: 10ms
90th percentile: 28ms
95th percentile: 30ms
99th percentile: 42ms
Number Missed Vsync: 10
Number High input latency: 16
Number Slow UI thread: 240
Number Slow bitmap uploads: 44
Number Slow issue draw commands: 288
Number Frame deadline missed: 606
Number Frame deadline missed (legacy): 192
HISTOGRAM: 5ms=528 6ms=22 7ms=24 8ms=17 9ms=24 10ms=25 11ms=46 12ms=66 13ms=43 14ms=22 15ms=12 16ms=12 17ms=17 18ms=16 19ms=7 20ms=21 21ms=20 22ms=23 23ms=29 24ms=30 25ms=30 26ms=23 27ms=43 28ms=44 29ms=30 30ms=21 31ms=11 32ms=11 34ms=5 36ms=3 38ms=3 40ms=7 42ms=5 44ms=2 46ms=2 48ms=2 53ms=0 57ms=0 61ms=0 65ms=1 69ms=0 73ms=0 77ms=0 81ms=1 85ms=0 89ms=0 93ms=0 97ms=0 101ms=0 105ms=0 109ms=0 113ms=0 117ms=0 121ms=0 125ms=0 129ms=0 133ms=0 150ms=0 200ms=0 250ms=0 300ms=0 350ms=0 400ms=0 450ms=0 500ms=0 550ms=0 600ms=0 650ms=0 700ms=0 750ms=0 800ms=0 850ms=0 900ms=0 950ms=0 1000ms=0 1050ms=0 1100ms=0 1150ms=0 1200ms=0 1250ms=0 1300ms=0 1350ms=0 1400ms=0 1450ms=0 1500ms=0 1550ms=0 1600ms=0 1650ms=0 1700ms=0 1750ms=0 1800ms=0 1850ms=0 1900ms=0 1950ms=0 2000ms=0 2050ms=0 2100ms=0 2150ms=0 2200ms=0 2250ms=0 2300ms=0 2350ms=0 2400ms=0 2450ms=0 2500ms=0 2550ms=0 2600ms=0 2650ms=0 2700ms=0 2750ms=0 2800ms=0 2850ms=0 2900ms=0 2950ms=0 3000ms=0 3050ms=0 3100ms=0 3150ms=0 3200ms=0 3250ms=0 3300ms=0 3350ms=0 3400ms=0 3450ms=0 3500ms=0 3550ms=0 3600ms=0 3650ms=0 3700ms=0 3750ms=0 3800ms=0 3850ms=0 3900ms=0 3950ms=0 4000ms=0 4050ms=0 4100ms=0 4150ms=0 4200ms=0 4250ms=0 4300ms=0 4350ms=0 4400ms=0 4450ms=0 4500ms=0 4550ms=0 4600ms=0 4650ms=0 4700ms=0 4750ms=0 4800ms=0 4850ms=0 4900ms=0 4950ms=0
50th gpu percentile: 10ms
90th gpu percentile: 19ms
95th gpu percentile: 21ms
99th gpu percentile: 23ms
GPU HISTOGRAM: 1ms=2 2ms=1 3ms=8 4ms=31 5ms=53 6ms=56 7ms=70 8ms=44 9ms=28 10ms=30 11ms=26 12ms=25 13ms=26 14ms=18 15ms=28 16ms=26 17ms=27 18ms=24 19ms=39 20ms=25 21ms=16 22ms=10 23ms=5 24ms=3 25ms=0 4950ms=3

Pipeline=Skia (OpenGL)
Memory policy:
  Max surface area: 2592000
  Max resource usage: 124.42MB (x48)
  Background retention: 50% (altUiHidden = true)
  GPU Context timeout: 10
Contexts: 2 (stopped = 0)
CPU Caches:
  Glyph Cache: 0.00 bytes (1 entry)
  Glyph Count: 0 
Total CPU memory usage:
  0 bytes, 0.00 bytes (0.00 bytes is purgeable)
GPU Caches:
  Other:
    Other: 0.00 bytes (1 entry)
  Image:
    Texture: 11.82 KB (1 entry)
  Scratch:
    Buffer Object: 32.00 KB (1 entry)
    Texture: 0.00 bytes (3 entries)
Layer Info:
    GlLayer size 1080x2400
  Layers Total         10125.00 KB (numLayers = 1)
Total GPU memory usage:
  44868 bytes, 43.82 KB (43.82 KB is purgeable)
TextureView: 1080x2400

GraphicBufferAllocator buffers:
            Handle |         Size |     W (Stride) x H | Layers |   Format |      Usage | Requestor
    0x7a2ec3822e20 |      unknown | 1080 (   0) x 2400 |      1 |        1 | 0x     b00 | VRI[MainActivity]#0(BLAST Consumer)0
    0x7a2ec3823d00 |      unknown | 1080 (   0) x 2400 |      1 |        1 | 0x     b00 | 55f3a28 SurfaceView[com.example.footnoted.spike.render_bench/com.example.footnoted.spike.render_bench.MainActivity]#1(BLAST Consumer)1
    0x7a2ec3832be0 |      unknown | 1080 (   0) x 2400 |      1 |        1 | 0x     b00 | 55f3a28 SurfaceView[com.example.footnoted.spike.render_bench/com.example.footnoted.spike.render_bench.MainActivity]#1(BLAST Consumer)1
    0x7a2ec3832fd0 |      unknown | 1080 (   0) x 2400 |      1 |        1 | 0x     b00 | 55f3a28 SurfaceView[com.example.footnoted.spike.render_bench/com.example.footnoted.spike.render_bench.MainActivity]#1(BLAST Consumer)1
    0x7a2ec3835650 |      unknown | 1080 (   0) x 2400 |      1 |        1 | 0x     300 | ImageReader-1080x2400f22m7-24488-1
    0x7a2ec3835f80 |      unknown | 1080 (   0) x 2400 |      1 |        1 | 0x     300 | ImageReader-1080x2400f22m7-24488-1
    0x7a2ec38366f0 |      unknown | 1080 (   0) x 2400 |      1 |        2 | 0x     300 | SurfaceTexture-0-24488-0
    0x7a2ec383ded0 |      unknown | 1080 (   0) x 2400 |      1 |        1 | 0x     300 | ImageReader-1080x2400f22m7-24488-1
    0x7a2ec383e1e0 |      unknown | 1080 (   0) x 2400 |      1 |        1 | 0x     b00 | VRI[MainActivity]#0(BLAST Consumer)0
    0x7a2ec383e330 |      unknown | 1080 (   0) x 2400 |      1 |        2 | 0x     300 | SurfaceTexture-0-24488-0
    0x7a2ec38428c0 |      unknown | 1080 (   0) x 2400 |      1 |        1 | 0x     b00 | VRI[MainActivity]#0(BLAST Consumer)0
    0x7a2ec3844140 |      unknown | 1080 (   0) x 2400 |      1 |        1 | 0x     300 | ImageReader-1080x2400f22m7-24488-1
    0x7a2ec384af10 |      unknown | 1080 (   0) x 2400 |      1 |        1 | 0x     300 | ImageReader-1080x2400f22m7-24488-1
    0x7a2ec384b990 |      unknown | 1080 (   0) x 2400 |      1 |        2 | 0x     300 | SurfaceTexture-0-24488-0
    0x7a2ec38531e0 |      unknown | 1080 (   0) x 2400 |      1 |        1 | 0x     300 | ImageReader-1080x2400f22m7-24488-1
Total allocated by GraphicBufferAllocator (estimate): 0.00 KB
Imported gralloc buffers:
+ name:ImageReader-1080x2400f22m7-24488-1, id:422, size:10125.31KiB, w/h:1080x2400, usage: 0x300, req fmt:1, fourcc/mod:875708993/0, dataspace: 0x0, compressed: false
+ name:ImageReader-1080x2400f22m7-24488-1, id:421, size:10125.31KiB, w/h:1080x2400, usage: 0x300, req fmt:1, fourcc/mod:875708993/0, dataspace: 0x0, compressed: false
+ name:SurfaceTexture-0-24488-0, id:419, size:10125.31KiB, w/h:1080x2400, usage: 0x300, req fmt:2, fourcc/mod:875709016/0, dataspace: 0x0, compressed: false
+ name:VRI[MainActivity]#0(BLAST Consumer)0, id:416, size:10125.31KiB, w/h:1080x2400, usage: 0xb00, req fmt:1, fourcc/mod:875708993/0, dataspace: 0x8810000, compressed: false
+ name:VRI[MainActivity]#0(BLAST Consumer)0, id:418, size:10125.31KiB, w/h:1080x2400, usage: 0xb00, req fmt:1, fourcc/mod:875708993/0, dataspace: 0x8810000, compressed: false
+ name:ImageReader-1080x2400f22m7-24488-1, id:417, size:10125.31KiB, w/h:1080x2400, usage: 0x300, req fmt:1, fourcc/mod:875708993/0, dataspace: 0x0, compressed: false
+ name:SurfaceTexture-0-24488-0, id:414, size:10125.31KiB, w/h:1080x2400, usage: 0x300, req fmt:2, fourcc/mod:875709016/0, dataspace: 0x0, compressed: false
+ name:ImageReader-1080x2400f22m7-24488-1, id:413, size:10125.31KiB, w/h:1080x2400, usage: 0x300, req fmt:1, fourcc/mod:875708993/0, dataspace: 0x0, compressed: false
+ name:VRI[MainActivity]#0(BLAST Consumer)0, id:405, size:10125.31KiB, w/h:1080x2400, usage: 0xb00, req fmt:1, fourcc/mod:875708993/0, dataspace: 0x8810000, compressed: false
+ name:ImageReader-1080x2400f22m7-24488-1, id:412, size:10125.31KiB, w/h:1080x2400, usage: 0x300, req fmt:1, fourcc/mod:875708993/0, dataspace: 0x0, compressed: false
+ name:SurfaceTexture-0-24488-0, id:415, size:10125.31KiB, w/h:1080x2400, usage: 0x300, req fmt:2, fourcc/mod:875709016/0, dataspace: 0x0, compressed: false
+ name:55f3a28 SurfaceView[com.example.footnoted.spike.render_bench/com.example.footnoted.spike.render_bench.MainActivity]#1(BLAST Con, id:407, size:10125.31KiB, w/h:1080x2400, usage: 0xb00, req fmt:1, fourcc/mod:875708993/0, dataspace: 0x8810000, compressed: false
+ name:55f3a28 SurfaceView[com.example.footnoted.spike.render_bench/com.example.footnoted.spike.render_bench.MainActivity]#1(BLAST Con, id:409, size:10125.31KiB, w/h:1080x2400, usage: 0xb00, req fmt:1, fourcc/mod:875708993/0, dataspace: 0x8810000, compressed: false
+ name:ImageReader-1080x2400f22m7-24488-1, id:420, size:10125.31KiB, w/h:1080x2400, usage: 0x300, req fmt:1, fourcc/mod:875708993/0, dataspace: 0x0, compressed: false
+ name:55f3a28 SurfaceView[com.example.footnoted.spike.render_bench/com.example.footnoted.spike.render_bench.MainActivity]#1(BLAST Con, id:408, size:10125.31KiB, w/h:1080x2400, usage: 0xb00, req fmt:1, fourcc/mod:875708993/0, dataspace: 0x8810000, compressed: false
Total imported by gralloc: 151879.69KiB

Profile data in ms:

	com.example.footnoted.spike.render_bench/com.example.footnoted.spike.render_bench.MainActivity/android.view.ViewRootImpl@399f67a (visibility=0)
Window: com.example.footnoted.spike.render_bench/com.example.footnoted.spike.render_bench.MainActivity
Stats since: 38937429098301ns
Total frames rendered: 624
Janky frames: 606 (97.12%)
Janky frames (legacy): 194 (31.09%)
50th percentile: 22ms
90th percentile: 30ms
95th percentile: 32ms
99th percentile: 44ms
Number Missed Vsync: 10
Number High input latency: 16
Number Slow UI thread: 240
Number Slow bitmap uploads: 44
Number Slow issue draw commands: 288
Number Frame deadline missed: 606
Number Frame deadline missed (legacy): 192
HISTOGRAM: 5ms=0 6ms=2 7ms=3 8ms=1 9ms=9 10ms=20 11ms=41 12ms=61 13ms=41 14ms=18 15ms=12 16ms=11 17ms=16 18ms=15 19ms=7 20ms=21 21ms=20 22ms=23 23ms=29 24ms=30 25ms=30 26ms=23 27ms=43 28ms=44 29ms=30 30ms=21 31ms=11 32ms=11 34ms=5 36ms=3 38ms=3 40ms=7 42ms=5 44ms=2 46ms=2 48ms=2 53ms=0 57ms=0 61ms=0 65ms=1 69ms=0 73ms=0 77ms=0 81ms=1 85ms=0 89ms=0 93ms=0 97ms=0 101ms=0 105ms=0 109ms=0 113ms=0 117ms=0 121ms=0 125ms=0 129ms=0 133ms=0 150ms=0 200ms=0 250ms=0 300ms=0 350ms=0 400ms=0 450ms=0 500ms=0 550ms=0 600ms=0 650ms=0 700ms=0 750ms=0 800ms=0 850ms=0 900ms=0 950ms=0 1000ms=0 1050ms=0 1100ms=0 1150ms=0 1200ms=0 1250ms=0 1300ms=0 1350ms=0 1400ms=0 1450ms=0 1500ms=0 1550ms=0 1600ms=0 1650ms=0 1700ms=0 1750ms=0 1800ms=0 1850ms=0 1900ms=0 1950ms=0 2000ms=0 2050ms=0 2100ms=0 2150ms=0 2200ms=0 2250ms=0 2300ms=0 2350ms=0 2400ms=0 2450ms=0 2500ms=0 2550ms=0 2600ms=0 2650ms=0 2700ms=0 2750ms=0 2800ms=0 2850ms=0 2900ms=0 2950ms=0 3000ms=0 3050ms=0 3100ms=0 3150ms=0 3200ms=0 3250ms=0 3300ms=0 3350ms=0 3400ms=0 3450ms=0 3500ms=0 3550ms=0 3600ms=0 3650ms=0 3700ms=0 3750ms=0 3800ms=0 3850ms=0 3900ms=0 3950ms=0 4000ms=0 4050ms=0 4100ms=0 4150ms=0 4200ms=0 4250ms=0 4300ms=0 4350ms=0 4400ms=0 4450ms=0 4500ms=0 4550ms=0 4600ms=0 4650ms=0 4700ms=0 4750ms=0 4800ms=0 4850ms=0 4900ms=0 4950ms=0
50th gpu percentile: 10ms
90th gpu percentile: 19ms
95th gpu percentile: 21ms
99th gpu percentile: 23ms
GPU HISTOGRAM: 1ms=2 2ms=1 3ms=8 4ms=31 5ms=53 6ms=56 7ms=70 8ms=44 9ms=28 10ms=30 11ms=26 12ms=25 13ms=26 14ms=18 15ms=28 16ms=26 17ms=27 18ms=24 19ms=39 20ms=25 21ms=16 22ms=10 23ms=5 24ms=3 25ms=0 4950ms=3



---PROFILEDATA---
Flags,FrameTimelineVsyncId,IntendedVsync,Vsync,InputEventId,HandleInputStart,AnimationStart,PerformTraversalsStart,DrawStart,FrameDeadline,FrameStartTime,FrameInterval,WorkloadTarget,SyncQueued,SyncStart,IssueDrawCommandsStart,SwapBuffers,FrameCompleted,DequeueBufferDuration,QueueBufferDuration,GpuCompleted,SwapBuffersCompleted,DisplayPresentTime,CommandSubmissionCompleted,
0,288434,39007273412250,39007273412250,0,39007274185622,39007274186392,39007274186885,39007274502167,39007290078916,39007274183499,16666666,16666666,39007278087611,39007289072304,39007290236771,39007291873741,39007310677877,2947,285107,39007310677877,39007294113776,0,39007291873741,
0,288519,39007456745576,39007456745576,0,39007459097598,39007459098784,39007459099185,39007459167772,39007473412242,39007459094534,16666666,16666666,39007462080536,39007481735671,39007484123305,39007484678194,39007491174915,3491,899993,39007491174915,39007486863533,0,39007484678194,
0,288581,39007590078904,39007590078904,0,39007591893668,39007591894373,39007591894842,39007591969507,39007606745570,39007591890361,16666666,16666666,39007594893495,39007603984608,39007604112131,39007604812920,39007611490458,4712,532820,39007611490458,39007607441742,0,39007604812920,
0,288636,39007723412232,39007723412232,0,39007725972037,39007725973375,39007725973818,39007726055209,39007740078898,39007725968996,16666666,16666666,39007731684573,39007741009471,39007741066247,39007741640572,39007759964706,1726,186695,39007759964706,39007744028033,0,39007741640572,
0,288692,39007856745560,39007856745560,0,39007861182075,39007861183051,39007861183426,39007861300483,39007873412226,39007861178095,16666666,16666666,39007863725703,39007871356547,39007874796519,39007875658431,39007894528507,2537,1683072,39007894528507,39007883313595,0,39007875658431,
0,288739,39007973412222,39007973412222,0,39007975600036,39007975601018,39007975601515,39007975678678,39007990078888,39007975596683,16666666,16666666,39007977818181,39007985756604,39007985924692,39007987678153,39007999948940,6532,819542,39007999948940,39007990429191,0,39007987678153,
0,288762,39008006745554,39008006745554,0,39008010629725,39008010630800,39008010631293,39008010719328,39008023412220,39008010625438,16666666,16666666,39008014683933,39008020030043,39008020188736,39008020578886,39008024977178,3314,323555,39008024977178,39008023013069,0,39008020578886,
0,288809,39008090078884,39008090078884,0,39008094141263,39008094142205,39008094142698,39008094215395,39008106745550,39008094138438,16666666,16666666,39008097472708,39008103847103,39008103936578,39008104785800,39008108836348,6043,3016252,39008108836348,39008108657754,0,39008104785800,
0,288833,39008140078882,39008140078882,0,39008149607346,39008149608060,39008149608522,39008149676976,39008156745548,39008149603798,16666666,16666666,39008159366378,39008165590364,39008170970701,39008174327072,39008179364485,5230,1444017,39008179013746,39008179364485,0,39008174327072,
0,288889,39008273412210,39008273412210,0,39008281445631,39008281446306,39008281446752,39008281512663,39008290078876,39008281443477,16666666,16666666,39008282741036,39008288758767,39008289045728,39008289677787,39008309116667,3065,291584,39008309116667,39008290674484,0,39008289677787,
0,288920,39008340078874,39008340078874,0,39008340979981,39008340980731,39008340981284,39008341047748,39008356745540,39008340977190,16666666,16666666,39008341595587,39008348311129,39008348343873,39008349779780,39008360499553,1953,1281724,39008360499553,39008351859895,0,39008349779780,
0,288944,39008390078872,39008390078872,0,39008391072547,39008391073568,39008391074106,39008391171529,39008406745538,39008391069449,16666666,16666666,39008391921043,39008401798530,39008406012346,39008406450782,39008424314993,2491,182571,39008424314993,39008408092940,0,39008406450782,
0,288975,39008456745536,39008456745536,0,39008458832301,39008458833388,39008458833850,39008458911158,39008473412202,39008458829107,16666666,16666666,39008461480821,39008470251538,39008470349894,39008471702028,39008476915486,6973,429926,39008476915486,39008473125662,0,39008471702028,
0,289022,39008556745532,39008556745532,0,39008558992657,39008558993405,39008558993887,39008559063138,39008573412198,39008558988963,16666666,16666666,39008566972868,39008583718012,39008583801303,39008585136263,39008591395904,5393,333163,39008591395904,39008589103176,0,39008585136263,
0,289047,39008623412196,39008623412196,0,39008628960713,39008628962027,39008628962897,39008629143242,39008640078862,39008628955274,16666666,16666666,39008634056561,39008638708851,39008642153954,39008644332636,39008658428857,4857,589471,39008658428857,39008647906221,0,39008644332636,
0,289085,39008723412192,39008723412192,0,39008726538730,39008726539856,39008726540446,39008726662285,39008740078858,39008726530693,16666666,16666666,39008733919084,39008739212756,39008741134690,39008742393052,39008753866615,5384,4672703,39008753790319,39008753866615,0,39008742393052,
0,289142,39008873412186,39008873412186,0,39008879055843,39008879056564,39008879057060,39008879133343,39008890078852,39008879052334,16666666,16666666,39008883677151,39008885997750,39008889305204,39008892572047,39008907814993,3655,668257,39008907814993,39008893974236,0,39008892572047,
0,289157,39008906745518,39008906745518,0,39008908169404,39008908170331,39008908170739,39008908241351,39008940078850,39008908166862,16666666,16666666,39008908719372,39008921510226,39008926491140,39008927951674,39008941472493,6472,357416,39008941472493,39008929297153,0,39008927951674,
0,289172,39008940078850,39008940078850,0,39008941615558,39008941616127,39008941616578,39008941679138,39008973412182,39008941613516,16666666,16666666,39008943424517,39008950533922,39008950654083,39008953122119,39008960097865,4064,1461865,39008960097865,39008956674469,0,39008953122119,
0,289219,39009023412180,39009023412180,0,39009027320621,39009027321742,39009027322266,39009027401579,39009040078846,39009027317318,16666666,16666666,39009033788920,39009047267227,39009047317941,39009048849113,39009053728297,4507,2059494,39009052689619,39009053728297,0,39009048849113,
0,289290,39009190078840,39009190078840,0,39009194243662,39009194244838,39009194245420,39009194332275,39009206745506,39009194236577,16666666,16666666,39009198404525,39009202676189,39009204365617,39009206335445,39009222487852,4869,14263258,39009222427909,39009222487852,0,39009206335445,
0,289306,39009223412172,39009223412172,0,39009226426801,39009226427549,39009226427837,39009226605782,39009240078838,39009226424653,16666666,16666666,39009230981870,39009237491197,39009237620008,39009238318924,39009258633867,3035,1400724,39009258633867,39009240786627,0,39009238318924,
0,289337,39009290078836,39009290078836,0,39009292027659,39009292028647,39009292029173,39009292104179,39009306745502,39009292024271,16666666,16666666,39009294376073,39009299942113,39009300067066,39009300807475,39009308560307,6235,1474143,39009308560307,39009303708543,0,39009300807475,
0,289377,39009373412166,39009373412166,0,39009379823729,39009379824820,39009379825370,39009379952167,39009390078832,39009379818831,16666666,16666666,39009381000574,39009386953113,39009387135217,39009389091345,39009408769704,6918,902347,39009408769704,39009392007265,0,39009389091345,
0,289423,39009456745496,39009456745496,0,39009458412877,39009458414003,39009458414379,39009458636004,39009473412162,39009458410159,16666666,16666666,39009459716174,39009467491800,39009467514325,39009470214435,39009494030716,3495,348195,39009494030716,39009474873823,0,39009470214435,
0,289454,39009523412160,39009523412160,0,39009524671091,39009524671981,39009524672476,39009524741801,39009540078826,39009524668867,16666666,16666666,39009526717806,39009531841581,39009531969688,39009532700603,39009544789446,3753,806447,39009544789446,39009534515765,0,39009532700603,
0,289478,39009573412158,39009573412158,0,39009575268496,39009575269611,39009575269988,39009575345807,39009590078824,39009575265127,16666666,16666666,39009582125972,39009590379776,39009591216278,39009595974355,39009609424323,2240,559797,39009609424323,39009608691607,0,39009595974355,
0,289517,39009673412154,39009673412154,0,39009675664165,39009675665219,39009675665675,39009675746025,39009690078820,39009675661138,16666666,16666666,39009683335176,39009694727222,39009694749633,39009697609816,39009710442255,3146,2988740,39009710397966,39009710442255,0,39009697609816,
0,289549,39009756745484,39009756745484,0,39009763113685,39009763114815,39009763115433,39009763217230,39009773412150,39009763108724,16666666,16666666,39009765916805,39009774577544,39009774624905,39009780144324,39009791149205,2795,526691,39009791149205,39009784193891,0,39009780144324,
0,289564,39009790078816,39009790078816,0,39009791692522,39009791693644,39009791694198,39009791798419,39009823412148,39009791687850,16666666,16666666,39009809661207,39009811715632,39009811876906,39009812400589,39009819366591,3126,3776871,39009819304140,39009819366591,0,39009812400589,
0,289587,39009840078814,39009840078814,0,39009849064368,39009849065477,39009849065957,39009849150805,39009856745480,39009849060267,16666666,16666666,39009856849194,39009867196404,39009867325686,39009872301641,39009891748985,11724,156218,39009891748985,39009881331340,0,39009872301641,
0,289603,39009890078812,39009890078812,0,39009894671572,39009894672539,39009894673066,39009894760333,39009923412144,39009894667728,16666666,16666666,39009896735556,39009905412723,39009905468124,39009906137388,39009924579088,5523,343733,39009924579088,39009908363194,0,39009906137388,
0,289625,39009940078810,39009940078810,0,39009943197809,39009943198465,39009943198852,39009945116442,39009956745476,39009943194701,16666666,16666666,39009948979249,39009963870613,39009963891964,39009964864227,39009977792632,2972,1856498,39009977792632,39009970068622,0,39009964864227,
0,289649,39010023412140,39010023412140,0,39010027464626,39010027465798,39010027466818,39010027563635,39010040078806,39010027460953,16666666,16666666,39010028972820,39010035850338,39010035951691,39010036514886,39010042772782,3395,866086,39010042772782,39010040470561,0,39010036514886,
0,289673,39010073412138,39010073412138,0,39010082940771,39010082941715,39010082942201,39010083015052,39010090078804,39010082936510,16666666,16666666,39010086688694,39010093715756,39010093859506,39010097488518,39010101943410,3434,2118038,39010101894989,39010101943410,0,39010097488518,
0,289712,39010156745468,39010156745468,0,39010166073840,39010166074885,39010166075380,39010166217188,39010173412134,39010166069707,16666666,16666666,39010180184034,39010189767462,39010189791189,39010191256432,39010208357878,5324,702841,39010208357878,39010194867362,0,39010191256432,
0,289767,39010290078796,39010290078796,0,39010291235429,39010291236524,39010291237093,39010291307275,39010306745462,39010291232349,16666666,16666666,39010293023856,39010302895784,39010303033128,39010304302490,39010311035879,2492,445296,39010311035879,39010306148633,0,39010304302490,
0,289783,39010340078794,39010340078794,0,39010341649015,39010341649644,39010341649962,39010341710994,39010356745460,39010341646708,16666666,16666666,39010343126206,39010349288337,39010349793005,39010350340648,39010358161417,6203,283445,39010358161417,39010351430842,0,39010350340648,
0,289806,39010373412126,39010373412126,0,39010374364281,39010374365198,39010374365706,39010374462240,39010390078792,39010374359891,16666666,16666666,39010376321311,39010383046053,39010383208065,39010384091838,39010393165931,2034,188563,39010393165931,39010386529986,0,39010384091838,
0,289829,39010406745458,39010406745458,0,39010408355233,39010408356312,39010408357008,39010408435839,39010423412124,39010408352045,16666666,16666666,39010412920367,39010417768312,39010417846701,39010418453013,39010424741582,1948,177946,39010424741582,39010419135501,0,39010418453013,
0,289852,39010440078790,39010440078790,0,39010443290370,39010443291561,39010443292172,39010443370175,39010456745456,39010443286829,16666666,16666666,39010447127108,39010460401237,39010460419986,39010461928013,39010477051231,5217,290219,39010477051231,39010464450627,0,39010461928013,
0,289901,39010590078784,39010590078784,0,39010592969767,39010592970375,39010592971043,39010593037514,39010606745450,39010592967493,16666666,16666666,39010604756304,39010611733517,39010611856025,39010612595997,39010626986978,5629,2918899,39010626986978,39010617377969,0,39010612595997,
0,289940,39010690078780,39010690078780,0,39010692336286,39010692337108,39010692337533,39010692399922,39010706745446,39010692334126,16666666,16666666,39010695546838,39010702872701,39010702972581,39010703738475,39010709720416,3129,204834,39010709720416,39010707019790,0,39010703738475,
0,289963,39010756745444,39010756745444,0,39010761748407,39010761749748,39010761750276,39010761855253,39010773412110,39010761744312,16666666,16666666,39010769339861,39010775230638,39010775404200,39010781519356,39010792126870,3145,476976,39010792126870,39010784099716,0,39010781519356,
0,290011,39010923412104,39010923412104,0,39010926568172,39010926569217,39010926569716,39010926645469,39010940078770,39010926564599,16666666,16666666,39010927255619,39010935729611,39010937493802,39010939196329,39010949337827,1776,137314,39010949337827,39010942575943,0,39010939196329,
0,290044,39011090078764,39011090078764,0,39011091802050,39011091803159,39011091803687,39011092453909,39011106745430,39011091797462,16666666,16666666,39011097702637,39011106540184,39011111747555,39011113095905,39011126235224,6463,1139555,39011126235224,39011115392394,0,39011113095905,
0,290083,39011223412092,39011223412092,0,39011229500765,39011229501477,39011229501939,39011229567052,39011240078758,39011229498369,16666666,16666666,39011231247872,39011240323267,39011240531525,39011243515722,39011247582682,6088,1361680,39011247485024,39011247582682,0,39011243515722,
0,290139,39011390078752,39011390078752,0,39011392334852,39011392335958,39011392336331,39011392410097,39011406745418,39011392332049,16666666,16666666,39011400336427,39011404790622,39011411026286,39011411812000,39011418906583,12918,372666,39011418786523,39011418906583,0,39011411812000,
0,290193,39011523412080,39011523412080,0,39011526249816,39011526250602,39011526251107,39011526318799,39011540078746,39011526247569,16666666,16666666,39011527805017,39011537409129,39011538388181,39011539301928,39011544928117,3843,319633,39011544928117,39011540342996,0,39011539301928,
0,290225,39011606745410,39011606745410,0,39011607603758,39011607604973,39011607605417,39011607850125,39011623412076,39011607599706,16666666,16666666,39011614297949,39011619396471,39011621620485,39011623483633,39011641722167,3386,279359,39011641722167,39011626501545,0,39011623483633,
0,290248,39011656745408,39011656745408,0,39011662551450,39011662552713,39011662553114,39011662636172,39011673412074,39011662547009,16666666,16666666,39011664485731,39011670909161,39011671034129,39011672376263,39011690769672,6096,1214501,39011690769672,39011674758672,0,39011672376263,
0,290286,39011740078738,39011740078738,0,39011749836997,39011749837811,39011749838268,39011749908235,39011756745404,39011749833688,16666666,16666666,39011751151081,39011762517064,39011763145866,39011766047934,39011774581965,2220,993102,39011774581965,39011768353962,0,39011766047934,
0,290334,39011840078734,39011840078734,0,39011845240417,39011845241658,39011845242192,39011845382219,39011856745400,39011845215154,16666666,16666666,39011847040474,39011852206739,39011852319745,39011852791685,39011858094082,2230,146032,39011858094082,39011853833099,0,39011852791685,
0,290389,39011940078730,39011940078730,0,39011940932773,39011940933636,39011940934226,39011941003905,39011956745396,39011940929858,16666666,16666666,39011942803574,39011951908371,39011952372194,39011953601380,39011958556820,6059,1394857,39011958556820,39011956092836,0,39011953601380,
0,290421,39012006745394,39012006745394,0,39012008657845,39012008658488,39012008658953,39012008729434,39012023412060,39012008654675,16666666,16666666,39012009519791,39012017034034,39012017186028,39012017725370,39012024384124,3457,1319752,39012024384124,39012020213713,0,39012017725370,
0,290453,39012073412058,39012073412058,0,39012082530350,39012082531390,39012082532054,39012082621181,39012090078724,39012082526145,16666666,16666666,39012085246090,39012095117300,39012095270937,39012098116016,39012103394391,16058,734169,39012102266981,39012103394391,0,39012098116016,
0,290516,39012223412052,39012223412052,0,39012226079136,39012226080134,39012226080766,39012226156340,39012240078718,39012226076197,16666666,16666666,39012228443801,39012241628685,39012241653872,39012242609678,39012258901220,6205,3255049,39012258901220,39012246975172,0,39012242609678,
0,290564,39012340078714,39012340078714,0,39012341056682,39012341057598,39012341058096,39012341127721,39012356745380,39012341053826,16666666,16666666,39012342663860,39012349587439,39012349645496,39012350084298,39012353559742,3538,2060283,39012353480352,39012353559742,0,39012350084298,
0,290595,39012423412044,39012456745376,0,39012461632041,39012461633077,39012461633571,39012472972271,39012440078710,39012461628159,16666666,16666666,39012491710066,39012509250486,39012509277102,39012518096820,39012524483523,4830,333913,39012524483523,39012519495883,0,39012518096820,
0,290619,39012573412038,39012573412038,0,39012582298795,39012582299876,39012582300378,39012582384497,39012590078704,39012582294513,16666666,16666666,39012588230922,39012616101381,39012618299851,39012621660774,39012629767643,3395,164216,39012629767643,39012622578692,0,39012621660774,
0,290652,39012723412032,39012723412032,0,39012732466077,39012732466798,39012732467233,39012732893082,39012740078698,39012732463700,16666666,16666666,39012734185655,39012746181189,39012746304359,39012748872610,39012758569072,5609,4853402,39012758569072,39012755463346,0,39012748872610,
0,290707,39012890078692,39012890078692,0,39012898555605,39012898556529,39012898557039,39012898633064,39012906745358,39012898553100,16666666,16666666,39012904119398,39012914457136,39012914975062,39012915597844,39012924460763,3731,289320,39012924460763,39012916939252,0,39012915597844,
0,290746,39013006745354,39013006745354,0,39013010379650,39013010380949,39013010381471,39013010467636,39013023412020,39013010375452,16666666,16666666,39013017107840,39013022532304,39013022667342,39013023218183,39013042583966,1860,194855,39013042583966,39013024482594,0,39013023218183,
0,290793,39013106745350,39013106745350,0,39013109980941,39013109981923,39013109982399,39013110067882,39013123412016,39013109976751,16666666,16666666,39013114107595,39013123993625,39013126656049,39013133645877,39013142838989,3769,1554477,39013142838989,39013136544855,0,39013133645877,
0,290833,39013190078680,39013190078680,0,39013191900460,39013191901567,39013191901958,39013192287034,39013206745346,39013191897236,16666666,16666666,39013207160925,39013216105337,39013216157673,39013225078963,39013241506473,4673,3725614,39013241506473,39013232149672,0,39013225078963,
0,290849,39013240078678,39013240078678,0,39013242522132,39013242523216,39013242523808,39013242603771,39013273412010,39013242517645,16666666,16666666,39013246776808,39013252389480,39013252611502,39013255393459,39013274495591,4580,902065,39013274495591,39013259358155,0,39013255393459,
0,290864,39013273412010,39013273412010,0,39013274710537,39013274711510,39013274711916,39013274787645,39013306745342,39013274707818,16666666,16666666,39013276021088,39013283671258,39013283761964,39013286005854,39013293720149,5224,2486900,39013293720149,39013290569611,0,39013286005854,
0,290903,39013356745340,39013356745340,0,39013362605495,39013362606520,39013362607076,39013362758367,39013373412006,39013362601267,16666666,16666666,39013364762947,39013374785043,39013377057340,39013379190073,39013391222763,3170,206682,39013391222763,39013383240978,0,39013379190073,
0,290943,39013440078670,39013440078670,0,39013444127054,39013444127986,39013444128419,39013444201697,39013456745336,39013444123704,16666666,16666666,39013446248561,39013456217367,39013456351397,39013456811458,39013476583823,5511,1910807,39013476583823,39013460670954,0,39013456811458,
0,290967,39013506745334,39013506745334,0,39013508815342,39013508816080,39013508816556,39013509201682,39013523412000,39013508812426,16666666,16666666,39013512141077,39013524592969,39013524616894,39013526984347,39013544323449,3787,1857188,39013544323449,39013530761965,0,39013526984347,
0,291022,39013673411994,39013673411994,0,39013678340191,39013678340955,39013678341426,39013678405206,39013690078660,39013678338021,16666666,16666666,39013679381128,39013690241806,39013690802648,39013691542497,39013709857846,4563,339977,39013709857846,39013695853270,0,39013691542497,
0,291053,39013756745324,39013756745324,0,39013758017444,39013758018546,39013758019050,39013758111760,39013773411990,39013758014148,16666666,16666666,39013759843295,39013771490130,39013771589063,39013776020013,39013791550638,6461,926083,39013791550638,39013778938984,0,39013776020013,
0,291092,39013840078654,39013840078654,0,39013844864121,39013844865199,39013844865511,39013844976780,39013856745320,39013844861347,16666666,16666666,39013846988874,39013855574851,39013855645309,39013857781460,39013863880856,4768,1527736,39013863409863,39013863880856,0,39013857781460,
0,291139,39013940078650,39013940078650,0,39013942014792,39013942015746,39013942016181,39013942081276,39013956745316,39013942012674,16666666,16666666,39013943733361,39013951913964,39013956669999,39013959437271,39013980469408,6432,336515,39013980469408,39013961934344,0,39013959437271,
0,291171,39014023411980,39014023411980,0,39014028300177,39014028300991,39014028301615,39014028374130,39014040078646,39014028297712,16666666,16666666,39014031327332,39014038116549,39014038196103,39014038883439,39014042871654,2175,607895,39014042871654,39014041658187,0,39014038883439,
0,291204,39014106745310,39014106745310,0,39014110343069,39014110344282,39014110344898,39014110432700,39014123411976,39014110338944,16666666,16666666,39014114531162,39014120780749,39014125259824,39014126640412,39014130154692,6838,1742320,39014130046790,39014130154692,0,39014126640412,
0,291219,39014140078642,39014140078642,0,39014144221971,39014144223314,39014144223931,39014144367192,39014156745308,39014144217535,16666666,16666666,39014147964419,39014165775673,39014166090218,39014166619499,39014176920671,7191,236960,39014176920671,39014171132413,0,39014166619499,
0,291244,39014223411972,39014223411972,0,39014225001868,39014225002765,39014225003188,39014225073802,39014240078638,39014224998628,16666666,16666666,39014226720909,39014232692562,39014232939095,39014233515368,39014241095049,6485,1082950,39014241095049,39014237109695,0,39014233515368,
0,291275,39014273411970,39014273411970,0,39014282953811,39014282954796,39014282955264,39014283042231,39014290078636,39014282948605,16666666,16666666,39014286619988,39014294412284,39014294772935,39014297756422,39014299288290,4023,295732,39014299207908,39014299288290,0,39014297756422,
0,291299,39014323411968,39014323411968,0,39014325862823,39014325863913,39014325864515,39014325979271,39014340078634,39014325859668,16666666,16666666,39014333932477,39014338257394,39014338393911,39014340243465,39014359496192,4161,234474,39014359496192,39014341127422,0,39014340243465,
0,291314,39014356745300,39014356745300,0,39014361744102,39014361744971,39014361745613,39014361835431,39014390078632,39014361741227,16666666,16666666,39014362906836,39014370325856,39014370432701,39014371341987,39014392175812,4914,1012590,39014392175812,39014382730935,0,39014371341987,
0,291337,39014406745298,39014406745298,0,39014418189197,39014418190296,39014418190925,39014418267116,39014423411964,39014418186035,16666666,16666666,39014424154976,39014431231095,39014431387752,39014431976236,39014441927229,5833,1268644,39014441927229,39014435018091,0,39014431976236,
0,291376,39014506745294,39014506745294,0,39014509367626,39014509368415,39014509368827,39014509424850,39014523411960,39014509365562,16666666,16666666,39014516242550,39014527402444,39014527454683,39014527992524,39014542867929,3439,2080303,39014542867929,39014533795176,0,39014527992524,
0,291431,39014623411956,39014623411956,0,39014626437224,39014626437998,39014626438486,39014626516444,39014640078622,39014626433529,16666666,16666666,39014630735896,39014638231284,39014638376285,39014640284835,39014652302967,2144,161144,39014652302967,39014641286092,0,39014640284835,
0,291470,39014706745286,39014706745286,0,39014709749426,39014709750233,39014709750711,39014709823467,39014723411952,39014709746378,16666666,16666666,39014712126786,39014731717324,39014731799432,39014735662695,39014745651538,11581,1061889,39014745651538,39014742434608,0,39014735662695,
0,291564,39014973411942,39014973411942,0,39014975127614,39014975128638,39014975129210,39014975200239,39014990078608,39014975121349,16666666,16666666,39014976402214,39014990127892,39015000589937,39015001544298,39015008475779,2153,203882,39015008475779,39015003249714,0,39015001544298,
0,291605,39015106745270,39015106745270,0,39015112486148,39015112487288,39015112487762,39015112574759,39015123411936,39015112482571,16666666,16666666,39015116914029,39015129742693,39015129886834,39015131982433,39015143545575,5823,1063595,39015143545575,39015136760075,0,39015131982433,
0,291669,39015273411930,39015273411930,0,39015275928723,39015275929656,39015275930310,39015276597092,39015290078596,39015275924977,16666666,16666666,39015278426216,39015285092981,39015285179661,39015288892258,39015297407867,4179,7707054,39015297252779,39015297407867,0,39015288892258,
0,291723,39015390078592,39015390078592,0,39015400633411,39015400634077,39015400634551,39015400698864,39015406745258,39015400631441,16666666,16666666,39015402012824,39015409537960,39015409743899,39015410652104,39015414711601,3808,317965,39015414659680,39015414711601,0,39015410652104,
0,291770,39015540078586,39015540078586,0,39015542707666,39015542708760,39015542709275,39015542792967,39015556745252,39015542703369,16666666,16666666,39015544386897,39015551481530,39015551804121,39015552524348,39015559930950,1820,146267,39015559930950,39015553509442,0,39015552524348,
0,291810,39015623411916,39015623411916,0,39015626618171,39015626619254,39015626619768,39015626697395,39015640078582,39015626614985,16666666,16666666,39015627689087,39015636176042,39015636317022,39015636751058,39015639216912,5324,1179614,39015638860978,39015639216912,0,39015636751058,
0,291865,39015723411912,39015723411912,0,39015727338963,39015727339761,39015727340217,39015727407718,39015740078578,39015727335284,16666666,16666666,39015730497743,39015737539437,39015737719456,39015738736577,39015742554423,4691,434990,39015742554423,39015739921317,0,39015738736577,
0,291937,39015890078572,39015890078572,0,39015893960299,39015893961429,39015893961847,39015894050074,39015906745238,39015893954694,16666666,16666666,39015895251536,39015904664871,39015904830970,39015905436653,39015925729212,5123,356317,39015925729212,39015908260080,0,39015905436653,
0,291975,39015973411902,39015973411902,0,39015978889990,39015978891199,39015978891815,39015978979729,39015990078568,39015978885191,16666666,16666666,39015984440818,39015990460109,39015990650159,39015991414880,39016003021198,3555,390406,39016003021198,39015993521178,0,39015991414880,
0,292023,39016106745230,39016106745230,0,39016108642422,39016108643086,39016108643614,39016109779564,39016123411896,39016108639759,16666666,16666666,39016116147675,39016132091809,39016132213946,39016133030053,39016143116836,1781,113029,39016143116836,39016134954219,0,39016133030053,
0,292070,39016223411892,39016223411892,0,39016224641328,39016224641765,39016224642178,39016224699013,39016240078558,39016224639558,16666666,16666666,39016229638673,39016240980544,39016242511310,39016244386733,39016260822737,2276,458917,39016260822737,39016245780208,0,39016244386733,
0,292111,39016340078554,39016340078554,0,39016344144127,39016344144889,39016344145344,39016344211067,39016356745220,39016344142022,16666666,16666666,39016349469056,39016357784863,39016359987566,39016360823958,39016375301558,3673,473336,39016375301558,39016362175664,0,39016360823958,
0,292149,39016423411884,39016423411884,0,39016426687657,39016426688601,39016426689109,39016426775507,39016440078550,39016426682495,16666666,16666666,39016435667028,39016449229301,39016449400429,39016449880788,39016459576575,6093,671347,39016459576575,39016452967759,0,39016449880788,
0,292198,39016556745212,39016556745212,0,39016558686205,39016558686936,39016558687322,39016558890428,39016573411878,39016558684186,16666666,16666666,39016567056233,39016576667311,39016576783249,39016577803838,39016583200606,5581,3875787,39016583117848,39016583200606,0,39016577803838,
0,292238,39016656745208,39016656745208,0,39016660026209,39016660027317,39016660027837,39016660097884,39016673411874,39016660023091,16666666,16666666,39016663639525,39016671442984,39016671531270,39016673201594,39016691720897,1740,151356,39016691720897,39016675316677,0,39016673201594,
0,292301,39016790078536,39016790078536,0,39016795129607,39016795130573,39016795131072,39016795313879,39016806745202,39016795126556,16666666,16666666,39016798823482,39016803127520,39016803144240,39016803788722,39016825379912,2491,146143,39016825379912,39016812809682,0,39016803788722,
0,292365,39016940078530,39016940078530,0,39016946375079,39016946376193,39016946376731,39016946461591,39016956745196,39016946371074,16666666,16666666,39016947944406,39016954629564,39016954740945,39016955682760,39016973936093,2445,117121,39016973936093,39016959500434,0,39016955682760,
0,292437,39017090078524,39017090078524,0,39017092785416,39017092786736,39017092787382,39017092869234,39017106745190,39017092781914,16666666,16666666,39017099138433,39017105474763,39017105649092,39017106484733,39017110310664,2300,267648,39017110310664,39017108647522,0,39017106484733,
0,292523,39017306745182,39017306745182,0,39017312180797,39017312181578,39017312182094,39017312259135,39017323411848,39017312176873,16666666,16666666,39017322408239,39017326017627,39017332279905,39017337675572,39017359632660,3294,338909,39017359632660,39017344901401,0,39017337675572,
0,292602,39017506745174,39017506745174,0,39017509485860,39017509486861,39017509487246,39017509778828,39017523411840,39017509481826,16666666,16666666,39017517433040,39017524953128,39017529610546,39017531512767,39017542651648,6954,679355,39017542651648,39017534989480,0,39017531512767,
0,292673,39017656745168,39017656745168,0,39017664428464,39017664429325,39017664429870,39017664506700,39017673411834,39017664425821,16666666,16666666,39017666672088,39017671854223,39017671903335,39017672294889,39017691098447,3155,1030635,39017691098447,39017677203053,0,39017672294889,
0,292714,39017806745162,39017806745162,0,39017808552742,39017808553829,39017808554385,39017810859245,39017823411828,39017808549697,16666666,16666666,39017814758965,39017829534460,39017829678439,39017830120781,39017842426165,6747,1014105,39017842426165,39017832625141,0,39017830120781,
0,292730,39017940078490,39017940078490,0,39017943282965,39017943283969,39017943284515,39017943352100,39017956745156,39017943280248,16666666,16666666,39017947200859,39017953161548,39017953273600,39017953973374,39017958410558,3377,355752,39017958410558,39017955941914,0,39017953973374,
0,292746,39018006745154,39018006745154,0,39018009757564,39018009758118,39018009758509,39018009816183,39018023411820,39018009755451,16666666,16666666,39018013543488,39018019550141,39018019567916,39018022057531,39018041506086,2370,407166,39018041506086,39018025157590,0,39018022057531,
0,292761,39018056745152,39018056745152,0,39018058235001,39018058236044,39018058236561,39018058307755,39018073411818,39018058231918,16666666,16666666,39018059939724,39018065807613,39018065884840,39018067022097,39018075415125,4768,991572,39018075415125,39018068958498,0,39018067022097,
0,292777,39018156745148,39018156745148,0,39018159877470,39018159878503,39018159878999,39018159950042,39018173411814,39018159874549,16666666,16666666,39018160575578,39018166102556,39018166820090,39018167381521,39018174478360,6362,678509,39018174478360,39018168767351,0,39018167381521,
0,292793,39018206745146,39018206745146,0,39018208575508,39018208576641,39018208577339,39018208662657,39018223411812,39018208571911,16666666,16666666,39018211443849,39018216179302,39018216513502,39018216956964,39018224659683,2094,236817,39018224659683,39018218434388,0,39018216956964,
0,292809,39018256745144,39018256745144,0,39018259416906,39018259417806,39018259418312,39018259488296,39018273411810,39018259413971,16666666,16666666,39018262820574,39018267443358,39018268421642,39018269620632,39018274985395,4512,250739,39018274985395,39018270764083,0,39018269620632,
0,292825,39018323411808,39018323411808,0,39018325157246,39018325158105,39018325158624,39018325230400,39018340078474,39018325153751,16666666,16666666,39018331095470,39018337642601,39018337735243,39018339381077,39018359661351,7156,298790,39018359661351,39018342227882,0,39018339381077,
0,292840,39018373411806,39018373411806,0,39018374530803,39018374531852,39018374532419,39018374604032,39018390078472,39018374527392,16666666,16666666,39018376110019,39018382783821,39018382977970,39018384378199,39018391226935,4410,282979,39018391226935,39018386314550,0,39018384378199,
0,292856,39018473411802,39018473411802,0,39018475467122,39018475468075,39018475468593,39018475540418,39018490078468,39018475464202,16666666,16666666,39018479391991,39018485985932,39018486070689,39018486488975,39018511594153,2636,2268976,39018511594153,39018489999855,0,39018486488975,
0,292871,39018540078466,39018540078466,0,39018542974395,39018542975343,39018542975865,39018543048190,39018556745132,39018542971445,16666666,16666666,39018544477505,39018553166000,39018553269175,39018554070187,39018573879640,5504,1468979,39018573879640,39018558831760,0,39018554070187,
0,292886,39018623411796,39018623411796,0,39018625991722,39018625992489,39018625992973,39018626058174,39018640078462,39018625989470,16666666,16666666,39018627759727,39018634396500,39018634450923,39018634829383,39018639043885,3961,2932441,39018638986977,39018639043885,0,39018634829383,
0,292902,39018690078460,39018690078460,0,39018691363549,39018691364545,39018691365252,39018691437449,39018706745126,39018691360980,16666666,16666666,39018694685359,39018700702910,39018700852546,39018702352217,39018709056371,5077,701060,39018709056371,39018704032437,0,39018702352217,
0,292918,39018756745124,39018756745124,0,39018759395655,39018759396677,39018759397187,39018759470369,39018773411790,39018759392200,16666666,16666666,39018762300106,39018766563550,39018766580419,39018766905339,39018774948473,1854,139757,39018774948473,39018769143001,0,39018766905339,
---PROFILEDATA---


View hierarchy:

  com.example.footnoted.spike.render_bench/com.example.footnoted.spike.render_bench.MainActivity/android.view.ViewRootImpl@399f67a
  12 views, 21.18 kB of render nodes


Total ViewRootImpl   : 1
Total attached Views : 12
Total RenderNode     : 21.18 kB (used) / 68.66 kB (capacity)

