Applications Graphics Acceleration Info:
Uptime: 39424955 Realtime: 39424955

** Graphics info for pid 2358 [com.example.footnoted.spike.render_bench] **

Stats since: 39342139473496ns
Total frames rendered: 1348
Janky frames: 651 (48.29%)
Janky frames (legacy): 195 (14.47%)
50th percentile: 10ms
90th percentile: 28ms
95th percentile: 31ms
99th percentile: 42ms
Number Missed Vsync: 16
Number High input latency: 22
Number Slow UI thread: 251
Number Slow bitmap uploads: 34
Number Slow issue draw commands: 303
Number Frame deadline missed: 651
Number Frame deadline missed (legacy): 195
HISTOGRAM: 5ms=592 6ms=28 7ms=14 8ms=11 9ms=21 10ms=24 11ms=45 12ms=46 13ms=58 14ms=41 15ms=35 16ms=18 17ms=18 18ms=15 19ms=9 20ms=11 21ms=9 22ms=21 23ms=14 24ms=23 25ms=24 26ms=40 27ms=55 28ms=42 29ms=41 30ms=22 31ms=21 32ms=14 34ms=6 36ms=5 38ms=9 40ms=2 42ms=3 44ms=3 46ms=2 48ms=3 53ms=0 57ms=2 61ms=1 65ms=0 69ms=0 73ms=0 77ms=0 81ms=0 85ms=0 89ms=0 93ms=0 97ms=0 101ms=0 105ms=0 109ms=0 113ms=0 117ms=0 121ms=0 125ms=0 129ms=0 133ms=0 150ms=0 200ms=0 250ms=0 300ms=0 350ms=0 400ms=0 450ms=0 500ms=0 550ms=0 600ms=0 650ms=0 700ms=0 750ms=0 800ms=0 850ms=0 900ms=0 950ms=0 1000ms=0 1050ms=0 1100ms=0 1150ms=0 1200ms=0 1250ms=0 1300ms=0 1350ms=0 1400ms=0 1450ms=0 1500ms=0 1550ms=0 1600ms=0 1650ms=0 1700ms=0 1750ms=0 1800ms=0 1850ms=0 1900ms=0 1950ms=0 2000ms=0 2050ms=0 2100ms=0 2150ms=0 2200ms=0 2250ms=0 2300ms=0 2350ms=0 2400ms=0 2450ms=0 2500ms=0 2550ms=0 2600ms=0 2650ms=0 2700ms=0 2750ms=0 2800ms=0 2850ms=0 2900ms=0 2950ms=0 3000ms=0 3050ms=0 3100ms=0 3150ms=0 3200ms=0 3250ms=0 3300ms=0 3350ms=0 3400ms=0 3450ms=0 3500ms=0 3550ms=0 3600ms=0 3650ms=0 3700ms=0 3750ms=0 3800ms=0 3850ms=0 3900ms=0 3950ms=0 4000ms=0 4050ms=0 4100ms=0 4150ms=0 4200ms=0 4250ms=0 4300ms=0 4350ms=0 4400ms=0 4450ms=0 4500ms=0 4550ms=0 4600ms=0 4650ms=0 4700ms=0 4750ms=0 4800ms=0 4850ms=0 4900ms=0 4950ms=0
50th gpu percentile: 10ms
90th gpu percentile: 20ms
95th gpu percentile: 21ms
99th gpu percentile: 24ms
GPU HISTOGRAM: 1ms=1 2ms=3 3ms=1 4ms=34 5ms=67 6ms=74 7ms=49 8ms=55 9ms=43 10ms=35 11ms=23 12ms=13 13ms=23 14ms=21 15ms=29 16ms=25 17ms=36 18ms=35 19ms=28 20ms=40 21ms=16 22ms=8 23ms=7 24ms=3 25ms=1 4950ms=4

Pipeline=Skia (OpenGL)
Memory policy:
  Max surface area: 2592000
  Max resource usage: 124.42MB (x48)
  Background retention: 50% (altUiHidden = true)
  GPU Context timeout: 10
Contexts: 2 (stopped = 0)
CPU Caches:
  Glyph Cache: 0.00 bytes (1 entry)
  Glyph Count: 0 
Total CPU memory usage:
  0 bytes, 0.00 bytes (0.00 bytes is purgeable)
GPU Caches:
  Other:
    Other: 0.00 bytes (1 entry)
  Image:
    Texture: 11.82 KB (1 entry)
  Scratch:
    Buffer Object: 32.00 KB (1 entry)
    Texture: 0.00 bytes (3 entries)
Layer Info:
    GlLayer size 1080x2400
  Layers Total         10125.00 KB (numLayers = 1)
Total GPU memory usage:
  44868 bytes, 43.82 KB (43.82 KB is purgeable)
TextureView: 1080x2400

GraphicBufferAllocator buffers:
            Handle |         Size |     W (Stride) x H | Layers |   Format |      Usage | Requestor
    0x7a2ec3821ae0 |      unknown | 1080 (   0) x 2400 |      1 |        1 | 0x     b00 | c54504b SurfaceView[com.example.footnoted.spike.render_bench/com.example.footnoted.spike.render_bench.MainActivity]#1(BLAST Consumer)1
    0x7a2ec3822090 |      unknown | 1080 (   0) x 2400 |      1 |        1 | 0x     b00 | VRI[MainActivity]#0(BLAST Consumer)0
    0x7a2ec3833cf0 |      unknown | 1080 (   0) x 2400 |      1 |        1 | 0x     b00 | c54504b SurfaceView[com.example.footnoted.spike.render_bench/com.example.footnoted.spike.render_bench.MainActivity]#1(BLAST Consumer)1
    0x7a2ec3833eb0 |      unknown | 1080 (   0) x 2400 |      1 |        1 | 0x     b00 | c54504b SurfaceView[com.example.footnoted.spike.render_bench/com.example.footnoted.spike.render_bench.MainActivity]#1(BLAST Consumer)1
    0x7a2ec3834230 |      unknown | 1080 (   0) x 2400 |      1 |        1 | 0x     300 | ImageReader-1080x2400f22m7-2358-1
    0x7a2ec3834930 |      unknown | 1080 (   0) x 2400 |      1 |        1 | 0x     300 | ImageReader-1080x2400f22m7-2358-1
    0x7a2ec3835880 |      unknown | 1080 (   0) x 2400 |      1 |        2 | 0x     300 | SurfaceTexture-0-2358-0
    0x7a2ec383e410 |      unknown | 1080 (   0) x 2400 |      1 |        1 | 0x     b00 | VRI[MainActivity]#0(BLAST Consumer)0
    0x7a2ec383f280 |      unknown | 1080 (   0) x 2400 |      1 |        2 | 0x     300 | SurfaceTexture-0-2358-0
    0x7a2ec383f910 |      unknown | 1080 (   0) x 2400 |      1 |        1 | 0x     300 | ImageReader-1080x2400f22m7-2358-1
    0x7a2ec3847240 |      unknown | 1080 (   0) x 2400 |      1 |        1 | 0x     300 | ImageReader-1080x2400f22m7-2358-1
    0x7a2ec384aff0 |      unknown | 1080 (   0) x 2400 |      1 |        1 | 0x     300 | ImageReader-1080x2400f22m7-2358-1
    0x7a2ec384b0d0 |      unknown | 1080 (   0) x 2400 |      1 |        1 | 0x     b00 | VRI[MainActivity]#0(BLAST Consumer)0
    0x7a2ec384bd80 |      unknown | 1080 (   0) x 2400 |      1 |        2 | 0x     300 | SurfaceTexture-0-2358-0
    0x7a2ec384d280 |      unknown | 1080 (   0) x 2400 |      1 |        1 | 0x     300 | ImageReader-1080x2400f22m7-2358-1
Total allocated by GraphicBufferAllocator (estimate): 0.00 KB
Imported gralloc buffers:
+ name:ImageReader-1080x2400f22m7-2358-1, id:508, size:10125.31KiB, w/h:1080x2400, usage: 0x300, req fmt:1, fourcc/mod:875708993/0, dataspace: 0x0, compressed: false
+ name:ImageReader-1080x2400f22m7-2358-1, id:509, size:10125.31KiB, w/h:1080x2400, usage: 0x300, req fmt:1, fourcc/mod:875708993/0, dataspace: 0x0, compressed: false
+ name:ImageReader-1080x2400f22m7-2358-1, id:507, size:10125.31KiB, w/h:1080x2400, usage: 0x300, req fmt:1, fourcc/mod:875708993/0, dataspace: 0x0, compressed: false
+ name:VRI[MainActivity]#0(BLAST Consumer)0, id:505, size:10125.31KiB, w/h:1080x2400, usage: 0xb00, req fmt:1, fourcc/mod:875708993/0, dataspace: 0x8810000, compressed: false
+ name:c54504b SurfaceView[com.example.footnoted.spike.render_bench/com.example.footnoted.spike.render_bench.MainActivity]#1(BLAST Con, id:494, size:10125.31KiB, w/h:1080x2400, usage: 0xb00, req fmt:1, fourcc/mod:875708993/0, dataspace: 0x8810000, compressed: false
+ name:VRI[MainActivity]#0(BLAST Consumer)0, id:503, size:10125.31KiB, w/h:1080x2400, usage: 0xb00, req fmt:1, fourcc/mod:875708993/0, dataspace: 0x8810000, compressed: false
+ name:SurfaceTexture-0-2358-0, id:502, size:10125.31KiB, w/h:1080x2400, usage: 0x300, req fmt:2, fourcc/mod:875709016/0, dataspace: 0x0, compressed: false
+ name:SurfaceTexture-0-2358-0, id:501, size:10125.31KiB, w/h:1080x2400, usage: 0x300, req fmt:2, fourcc/mod:875709016/0, dataspace: 0x0, compressed: false
+ name:SurfaceTexture-0-2358-0, id:506, size:10125.31KiB, w/h:1080x2400, usage: 0x300, req fmt:2, fourcc/mod:875709016/0, dataspace: 0x0, compressed: false
+ name:ImageReader-1080x2400f22m7-2358-1, id:500, size:10125.31KiB, w/h:1080x2400, usage: 0x300, req fmt:1, fourcc/mod:875708993/0, dataspace: 0x0, compressed: false
+ name:ImageReader-1080x2400f22m7-2358-1, id:499, size:10125.31KiB, w/h:1080x2400, usage: 0x300, req fmt:1, fourcc/mod:875708993/0, dataspace: 0x0, compressed: false
+ name:VRI[MainActivity]#0(BLAST Consumer)0, id:492, size:10125.31KiB, w/h:1080x2400, usage: 0xb00, req fmt:1, fourcc/mod:875708993/0, dataspace: 0x8810000, compressed: false
+ name:c54504b SurfaceView[com.example.footnoted.spike.render_bench/com.example.footnoted.spike.render_bench.MainActivity]#1(BLAST Con, id:496, size:10125.31KiB, w/h:1080x2400, usage: 0xb00, req fmt:1, fourcc/mod:875708993/0, dataspace: 0x8810000, compressed: false
+ name:ImageReader-1080x2400f22m7-2358-1, id:504, size:10125.31KiB, w/h:1080x2400, usage: 0x300, req fmt:1, fourcc/mod:875708993/0, dataspace: 0x0, compressed: false
+ name:c54504b SurfaceView[com.example.footnoted.spike.render_bench/com.example.footnoted.spike.render_bench.MainActivity]#1(BLAST Con, id:495, size:10125.31KiB, w/h:1080x2400, usage: 0xb00, req fmt:1, fourcc/mod:875708993/0, dataspace: 0x8810000, compressed: false
Total imported by gralloc: 151879.69KiB

Profile data in ms:

	com.example.footnoted.spike.render_bench/com.example.footnoted.spike.render_bench.MainActivity/android.view.ViewRootImpl@8f006f6 (visibility=0)
Window: com.example.footnoted.spike.render_bench/com.example.footnoted.spike.render_bench.MainActivity
Stats since: 39342139472721ns
Total frames rendered: 674
Janky frames: 651 (96.59%)
Janky frames (legacy): 195 (28.93%)
50th percentile: 22ms
90th percentile: 31ms
95th percentile: 34ms
99th percentile: 46ms
Number Missed Vsync: 16
Number High input latency: 22
Number Slow UI thread: 251
Number Slow bitmap uploads: 34
Number Slow issue draw commands: 303
Number Frame deadline missed: 651
Number Frame deadline missed (legacy): 195
HISTOGRAM: 5ms=0 6ms=0 7ms=1 8ms=2 9ms=9 10ms=22 11ms=38 12ms=44 13ms=56 14ms=40 15ms=33 16ms=18 17ms=17 18ms=14 19ms=7 20ms=11 21ms=9 22ms=21 23ms=14 24ms=23 25ms=24 26ms=40 27ms=55 28ms=42 29ms=41 30ms=22 31ms=21 32ms=14 34ms=6 36ms=5 38ms=9 40ms=2 42ms=3 44ms=3 46ms=2 48ms=3 53ms=0 57ms=2 61ms=1 65ms=0 69ms=0 73ms=0 77ms=0 81ms=0 85ms=0 89ms=0 93ms=0 97ms=0 101ms=0 105ms=0 109ms=0 113ms=0 117ms=0 121ms=0 125ms=0 129ms=0 133ms=0 150ms=0 200ms=0 250ms=0 300ms=0 350ms=0 400ms=0 450ms=0 500ms=0 550ms=0 600ms=0 650ms=0 700ms=0 750ms=0 800ms=0 850ms=0 900ms=0 950ms=0 1000ms=0 1050ms=0 1100ms=0 1150ms=0 1200ms=0 1250ms=0 1300ms=0 1350ms=0 1400ms=0 1450ms=0 1500ms=0 1550ms=0 1600ms=0 1650ms=0 1700ms=0 1750ms=0 1800ms=0 1850ms=0 1900ms=0 1950ms=0 2000ms=0 2050ms=0 2100ms=0 2150ms=0 2200ms=0 2250ms=0 2300ms=0 2350ms=0 2400ms=0 2450ms=0 2500ms=0 2550ms=0 2600ms=0 2650ms=0 2700ms=0 2750ms=0 2800ms=0 2850ms=0 2900ms=0 2950ms=0 3000ms=0 3050ms=0 3100ms=0 3150ms=0 3200ms=0 3250ms=0 3300ms=0 3350ms=0 3400ms=0 3450ms=0 3500ms=0 3550ms=0 3600ms=0 3650ms=0 3700ms=0 3750ms=0 3800ms=0 3850ms=0 3900ms=0 3950ms=0 4000ms=0 4050ms=0 4100ms=0 4150ms=0 4200ms=0 4250ms=0 4300ms=0 4350ms=0 4400ms=0 4450ms=0 4500ms=0 4550ms=0 4600ms=0 4650ms=0 4700ms=0 4750ms=0 4800ms=0 4850ms=0 4900ms=0 4950ms=0
50th gpu percentile: 10ms
90th gpu percentile: 20ms
95th gpu percentile: 21ms
99th gpu percentile: 24ms
GPU HISTOGRAM: 1ms=1 2ms=3 3ms=1 4ms=34 5ms=67 6ms=74 7ms=49 8ms=55 9ms=43 10ms=35 11ms=23 12ms=13 13ms=23 14ms=21 15ms=29 16ms=25 17ms=36 18ms=35 19ms=28 20ms=40 21ms=16 22ms=8 23ms=7 24ms=3 25ms=1 4950ms=4



---PROFILEDATA---
Flags,FrameTimelineVsyncId,IntendedVsync,Vsync,InputEventId,HandleInputStart,AnimationStart,PerformTraversalsStart,DrawStart,FrameDeadline,FrameStartTime,FrameInterval,WorkloadTarget,SyncQueued,SyncStart,IssueDrawCommandsStart,SwapBuffers,FrameCompleted,DequeueBufferDuration,QueueBufferDuration,GpuCompleted,SwapBuffersCompleted,DisplayPresentTime,CommandSubmissionCompleted,
0,394725,39414206729306,39414206729306,0,39414208871365,39414208872057,39414208872505,39414208936381,39414223395972,39414208868630,16666666,16666666,39414210171214,39414214946558,39414215079054,39414215625412,39414225815720,6458,1246964,39414225815720,39414219300322,0,39414215625412,
0,394748,39414240062638,39414240062638,0,39414242473403,39414242474059,39414242474529,39414242537891,39414256729304,39414242470972,16666666,16666666,39414243368997,39414248068387,39414248174962,39414249617160,39414259370086,3945,292400,39414259370086,39414251712099,0,39414249617160,
0,394764,39414273395970,39414273395970,0,39414275984256,39414275985196,39414275985761,39414276057692,39414290062636,39414275981112,16666666,16666666,39414279115479,39414283728376,39414283838379,39414284430286,39414291260003,2206,249612,39414291260003,39414287990729,0,39414284430286,
0,394795,39414323395968,39414323395968,0,39414326357601,39414326358725,39414326359230,39414326431947,39414340062634,39414326354134,16666666,16666666,39414328558118,39414335522666,39414335583978,39414336509239,39414346662626,2137,213228,39414346662626,39414338593213,0,39414336509239,
0,394818,39414356729300,39414356729300,0,39414361360694,39414361361601,39414361362109,39414362127349,39414373395966,39414361356302,16666666,16666666,39414365219295,39414373271255,39414373367847,39414373706544,39414391781316,7153,563378,39414391781316,39414375398500,0,39414373706544,
0,394834,39414406729298,39414406729298,0,39414409882712,39414409883650,39414409884222,39414409945161,39414423395964,39414409879490,16666666,16666666,39414415760772,39414425212333,39414425654199,39414426756082,39414431783527,7114,2713910,39414431253702,39414431783527,0,39414426756082,
0,394865,39414473395962,39414473395962,0,39414477414554,39414477415472,39414477415856,39414477686026,39414490062628,39414477412010,16666666,16666666,39414484164472,39414490952334,39414491077028,39414491552973,39414508427974,1686,170255,39414508427974,39414495879865,0,39414491552973,
0,394896,39414540062626,39414540062626,0,39414547674683,39414547675870,39414547676402,39414547755957,39414556729292,39414547670281,16666666,16666666,39414555377105,39414561358470,39414566436778,39414571778409,39414594450983,6105,364088,39414594450983,39414574755281,0,39414571778409,
0,394920,39414606729290,39414606729290,0,39414615646596,39414615647476,39414615648007,39414615717090,39414623395956,39414615641125,16666666,16666666,39414620432446,39414632314837,39414634512687,39414635121558,39414642592174,4203,282634,39414642592174,39414636933153,0,39414635121558,
0,394975,39414740062618,39414740062618,0,39414747511668,39414747512592,39414747513073,39414747582964,39414756729284,39414747509200,16666666,16666666,39414754709675,39414760520588,39414760686500,39414762209039,39414775343759,3769,847311,39414775343759,39414766224175,0,39414762209039,
0,395006,39414806729282,39414806729282,0,39414809205598,39414809206570,39414809207079,39414809290124,39414823395948,39414809201599,16666666,16666666,39414814708014,39414820016504,39414820919698,39414822553361,39414831285726,2047,209114,39414826769414,39414831285726,0,39414822553361,
0,395061,39414940062610,39414940062610,0,39414941703131,39414941704020,39414941704556,39414941775497,39414956729276,39414941699826,16666666,16666666,39414945247452,39414949667967,39414950072843,39414950719143,39414958200866,6489,2607524,39414958200866,39414954779095,0,39414950719143,
0,395084,39414973395942,39414973395942,0,39414977199445,39414977200303,39414977200847,39414977259589,39414990062608,39414977196412,16666666,16666666,39414979113279,39414985663288,39414985847317,39414986407041,39414991039680,1714,163896,39414991039680,39414987119691,0,39414986407041,
0,395115,39415023395940,39415023395940,0,39415027406832,39415027407735,39415027408152,39415027507542,39415040062606,39415027402702,16666666,16666666,39415031340901,39415036245100,39415036339482,39415039003496,39415042670592,2049,252991,39415042670592,39415040070750,0,39415039003496,
0,395154,39415090062604,39415090062604,0,39415092304204,39415092304793,39415092305225,39415092364245,39415106729270,39415092301785,16666666,16666666,39415102215874,39415110270969,39415110292600,39415112089595,39415126378034,7240,709592,39415126378034,39415122819210,0,39415112089595,
0,395194,39415206729266,39415206729266,0,39415208786294,39415208787364,39415208787863,39415208856771,39415223395932,39415208782847,16666666,16666666,39415211820673,39415218807917,39415218895144,39415220717663,39415226147800,38015,383562,39415226147800,39415223638475,0,39415220717663,
0,395226,39415273395930,39415273395930,0,39415288820573,39415288821378,39415288822072,39415288928810,39415290062596,39415288813669,16666666,16666666,39415292599750,39415299552867,39415299608406,39415303568719,39415308865213,5048,438059,39415308865213,39415305216494,0,39415303568719,
0,395250,39415340062594,39415356729260,0,39415360900851,39415360901803,39415360902283,39415360971902,39415356729260,39415360896512,16666666,16666666,39415368770273,39415376050065,39415376286244,39415377023552,39415392534275,3243,307009,39415392534275,39415379328509,0,39415377023552,
0,395282,39415423395924,39415423395924,0,39415426475929,39415426476921,39415426477356,39415426551829,39415440062590,39415426472192,16666666,16666666,39415430581367,39415436441357,39415437052434,39415439982742,39415458605598,6709,1550366,39415458605598,39415443207199,0,39415439982742,
0,395320,39415506729254,39415506729254,0,39415517870828,39415517872024,39415517872533,39415518039986,39415523395920,39415517866574,16666666,16666666,39415525200665,39415534687109,39415534712685,39415535479581,39415555214280,6930,18632554,39415544420861,39415555214280,0,39415535479581,
0,395422,39415756729244,39415756729244,0,39415758560268,39415758561489,39415758562034,39415758651214,39415773395910,39415758555528,16666666,16666666,39415760470778,39415767816483,39415767897849,39415771965085,39415777162290,2890,2096831,39415777108805,39415777162290,0,39415771965085,
0,395470,39415856729240,39415856729240,0,39415870028379,39415870029242,39415870029737,39415870186125,39415873395906,39415870025061,16666666,16666666,39415871195751,39415877785344,39415878293385,39415879123909,39415892270337,6190,1396615,39415892270337,39415882685799,0,39415879123909,
0,395518,39415956729236,39415956729236,0,39415958979242,39415958979907,39415958980370,39415959042193,39415973395902,39415958976903,16666666,16666666,39415960387125,39415967991862,39415968414990,39415968973368,39415993038575,4763,1184522,39415993038575,39415976295941,0,39415968973368,
0,395591,39416123395896,39416123395896,0,39416135459223,39416135459950,39416135460588,39416135538165,39416140062562,39416135455313,16666666,16666666,39416136797640,39416143180728,39416143236357,39416144434046,39416158879177,3589,299655,39416158879177,39416146294590,0,39416144434046,
0,395630,39416206729226,39416206729226,0,39416208278683,39416208279652,39416208280166,39416208566485,39416223395892,39416208275259,16666666,16666666,39416209547687,39416215377571,39416215484965,39416216218583,39416226960749,6748,263230,39416226960749,39416217781266,0,39416216218583,
0,395669,39416273395890,39416273395890,0,39416276017850,39416276018732,39416276019410,39416278350800,39416290062556,39416276012159,16666666,16666666,39416279936490,39416287417975,39416289959041,39416290928594,39416301874578,1802,97705,39416301830734,39416301874578,0,39416290928594,
0,395701,39416340062554,39416340062554,0,39416341923065,39416341924107,39416341924627,39416342000234,39416356729220,39416341919123,16666666,16666666,39416345559844,39416351048645,39416351219717,39416355091898,39416374268360,5973,808909,39416374268360,39416360726035,0,39416355091898,
0,395716,39416373395886,39416373395886,0,39416376024188,39416376025349,39416376025971,39416376118429,39416406729218,39416376019387,16666666,16666666,39416382100412,39416388127649,39416388189011,39416388722296,39416393515817,6435,2559081,39416393430138,39416393515817,0,39416388722296,
0,395731,39416406729218,39416406729218,0,39416422026369,39416422027230,39416422027711,39416422094366,39416423395884,39416422023240,16666666,16666666,39416426013816,39416432569392,39416433188525,39416434717920,39416444910114,7706,979518,39416444910114,39416437755913,0,39416434717920,
0,395755,39416473395882,39416473395882,0,39416479266211,39416479267214,39416479267781,39416479342660,39416490062548,39416479263030,16666666,16666666,39416480784575,39416486964202,39416487111480,39416487936160,39416491961250,5842,3186873,39416491834639,39416491961250,0,39416487936160,
0,395770,39416506729214,39416506729214,0,39416510956563,39416510957564,39416510958308,39416511039460,39416523395880,39416510952493,16666666,16666666,39416514529347,39416525306759,39416525366458,39416527035869,39416532127024,5948,2417337,39416531722498,39416532127024,0,39416527035869,
0,395817,39416623395876,39416623395876,0,39416626512610,39416626513575,39416626514103,39416626588569,39416640062542,39416626508571,16666666,16666666,39416631627321,39416640213605,39416640309277,39416640937425,39416646024943,5141,314280,39416646024943,39416645792173,0,39416640937425,
0,395849,39416690062540,39416690062540,0,39416691901105,39416691901850,39416691902375,39416691993369,39416706729206,39416691897612,16666666,16666666,39416693794283,39416699707684,39416699853636,39416700688282,39416709348796,5164,547455,39416709348796,39416702707625,0,39416700688282,
0,395880,39416740062538,39416740062538,0,39416742127697,39416742128853,39416742129496,39416742209422,39416756729204,39416742124036,16666666,16666666,39416746868803,39416752495491,39416752664387,39416755001214,39416758319961,7230,358870,39416758319961,39416756444277,0,39416755001214,
0,395903,39416790062536,39416790062536,0,39416795072105,39416795072844,39416795073301,39416795134575,39416806729202,39416795069133,16666666,16666666,39416802404302,39416804712433,39416804827448,39416806234340,39416824365318,2922,1537061,39416824365318,39416823816472,0,39416806234340,
0,395927,39416840062534,39416840062534,0,39416843242552,39416843243428,39416843243892,39416843314470,39416856729200,39416843239531,16666666,16666666,39416847373175,39416856962238,39416856980632,39416858424822,39416876208136,3801,298556,39416876208136,39416859693015,0,39416858424822,
0,395950,39416890062532,39416890062532,0,39416891245455,39416891246147,39416891246795,39416891323290,39416906729198,39416891241938,16666666,16666666,39416896470611,39416904079006,39416904113750,39416904887895,39416910905908,2238,158833,39416910905908,39416905682485,0,39416904887895,
0,395966,39416923395864,39416923395864,0,39416926103170,39416926103974,39416926104626,39416926181117,39416940062530,39416926099683,16666666,16666666,39416928982900,39416934353443,39416938134185,39416939075832,39416958794076,3173,263983,39416958794076,39416941273591,0,39416939075832,
0,395988,39416973395862,39416973395862,0,39416983415419,39416983416384,39416983416919,39416983648588,39416990062528,39416983411729,16666666,16666666,39416985302503,39416997542141,39416997669326,39416999903634,39417009113807,3348,2347785,39417009113807,39417004421255,0,39416999903634,
0,396020,39417040062526,39417040062526,0,39417048434635,39417048435691,39417048436285,39417048517564,39417056729192,39417048431402,16666666,16666666,39417054679384,39417063979396,39417064108979,39417066340958,39417075450776,3278,334794,39417075450776,39417068416735,0,39417066340958,
0,396052,39417106729190,39417106729190,0,39417109876068,39417109876913,39417109877343,39417109944328,39417123395856,39417109872550,16666666,16666666,39417111672952,39417121418329,39417121472642,39417122884931,39417128021545,6290,3619776,39417127915221,39417128021545,0,39417122884931,
0,396068,39417140062522,39417140062522,0,39417148082304,39417148083181,39417148083760,39417148162394,39417156729188,39417148078238,16666666,16666666,39417152020748,39417163326509,39417163464158,39417166600958,39417176123859,5199,512103,39417176018050,39417176123859,0,39417166600958,
0,396090,39417190062520,39417190062520,0,39417191749117,39417191749817,39417191750513,39417191831830,39417206729186,39417191745157,16666666,16666666,39417193280875,39417203008654,39417203275717,39417206032268,39417226349843,6373,894098,39417226349843,39417207606507,0,39417206032268,
0,396122,39417256729184,39417256729184,0,39417259266785,39417259267669,39417259268140,39417259333236,39417273395850,39417259263503,16666666,16666666,39417261003464,39417269939460,39417270374326,39417271018005,39417291086118,5676,718507,39417291086118,39417274209644,0,39417271018005,
0,396152,39417340062514,39417340062514,0,39417344191816,39417344192825,39417344193374,39417344263789,39417356729180,39417344188114,16666666,16666666,39417347731418,39417356742836,39417360499823,39417362312110,39417375778838,3780,286157,39417375778838,39417366890905,0,39417362312110,
0,396177,39417406729178,39417406729178,0,39417408047651,39417408048480,39417408048948,39417408109063,39417423395844,39417408044792,16666666,16666666,39417411126055,39417418059993,39417421204824,39417422201515,39417441406691,4453,260631,39417441406691,39417423774559,0,39417422201515,
0,396223,39417490062508,39417490062508,0,39417495602801,39417495603738,39417495604339,39417495691795,39417506729174,39417495598977,16666666,16666666,39417496361919,39417502098937,39417502151610,39417502735590,39417508362004,2298,385333,39417508362004,39417504541348,0,39417502735590,
0,396255,39417556729172,39417556729172,0,39417563423286,39417563424129,39417563424676,39417563499581,39417573395838,39417563419766,16666666,16666666,39417567003961,39417574670521,39417574750794,39417575509672,39417591791454,3422,259562,39417591791454,39417578564872,0,39417575509672,
0,396286,39417623395836,39417623395836,0,39417624833129,39417624833854,39417624834226,39417624895055,39417640062502,39417624830351,16666666,16666666,39417629020716,39417636124317,39417636466571,39417637244851,39417644234971,6867,1943821,39417644234971,39417640654132,0,39417637244851,
0,396301,39417656729168,39417656729168,0,39417660896822,39417660897797,39417660898298,39417661059344,39417673395834,39417660892368,16666666,16666666,39417665254302,39417667909086,39417669266279,39417671028242,39417675464428,6243,216231,39417675464428,39417673379330,0,39417671028242,
0,396332,39417706729166,39417706729166,0,39417721438393,39417721439468,39417721439980,39417721608605,39417723395832,39417721433791,16666666,16666666,39417726309654,39417738790359,39417738899155,39417739778076,39417763396639,4626,287709,39417763396639,39417741302820,0,39417739778076,
0,396356,39417790062496,39417790062496,0,39417794222229,39417794223493,39417794224004,39417794307605,39417806729162,39417794217698,16666666,16666666,39417798651854,39417805510217,39417805566190,39417806761530,39417824209056,3597,758289,39417824209056,39417808890806,0,39417806761530,
0,396386,39417840062494,39417840062494,0,39417844006240,39417844007126,39417844007578,39417844363798,39417856729160,39417844001370,16666666,16666666,39417850254407,39417857684900,39417858710616,39417862966062,39417879411541,3277,163945,39417879411541,39417871512726,0,39417862966062,
0,396411,39417906729158,39417906729158,0,39417911013101,39417911014367,39417911015416,39417911260564,39417923395824,39417911007102,16666666,16666666,39417913271912,39417923250681,39417925338492,39417926153762,39417940506163,2384,218895,39417940506163,39417928285785,0,39417926153762,
0,396458,39418023395820,39418023395820,0,39418029496544,39418029497665,39418029498215,39418029570721,39418040062486,39418029493311,16666666,16666666,39418032678399,39418039215920,39418039745519,39418041113703,39418058641386,2286,530702,39418058641386,39418050631935,0,39418041113703,
0,396481,39418073395818,39418073395818,0,39418075383326,39418075384278,39418075384702,39418075455148,39418090062484,39418075379392,16666666,16666666,39418078743976,39418091426541,39418091515065,39418092398466,39418108326398,3458,267414,39418108326398,39418095799605,0,39418092398466,
0,396512,39418140062482,39418140062482,0,39418147242811,39418147243842,39418147244406,39418147318009,39418156729148,39418147239260,16666666,16666666,39418152333651,39418161948563,39418162010567,39418163501525,39418179829274,3007,204593,39418179829274,39418167648521,0,39418163501525,
0,396536,39418190062480,39418190062480,0,39418201253212,39418201254249,39418201254733,39418201334741,39418206729146,39418201249652,16666666,16666666,39418211253188,39418217544936,39418217604284,39418219453865,39418225300065,2365,2728927,39418225016226,39418225300065,0,39418219453865,
0,396575,39418323395808,39418323395808,0,39418327585574,39418327586646,39418327587123,39418327659445,39418340062474,39418327582278,16666666,16666666,39418332054783,39418337821065,39418337957259,39418338701148,39418358643158,4218,1138630,39418358643158,39418341791447,0,39418338701148,
0,396599,39418373395806,39418373395806,0,39418379423582,39418379425002,39418379425492,39418379767119,39418390062472,39418379390237,16666666,16666666,39418380837423,39418390576838,39418390641688,39418390916049,39418409281007,1977,125979,39418409281007,39418391451581,0,39418390916049,
0,396614,39418406729138,39418406729138,0,39418409567363,39418409568433,39418409568989,39418409659425,39418440062470,39418409562069,16666666,16666666,39418412566829,39418420930771,39418421075529,39418421399000,39418428860405,7140,513945,39418428860405,39418423081740,0,39418421399000,
0,396654,39418490062468,39418490062468,0,39418493982072,39418493982985,39418493983494,39418494056269,39418506729134,39418493978171,16666666,16666666,39418495659249,39418505603785,39418505732658,39418507263641,39418526165072,3652,297375,39418526165072,39418508786071,0,39418507263641,
0,396669,39418523395800,39418523395800,0,39418527215618,39418527217376,39418527218127,39418527747609,39418556729132,39418527209669,16666666,16666666,39418531210218,39418537216545,39418537326269,39418538954364,39418558872187,5836,575145,39418558872187,39418540906385,0,39418538954364,
0,396684,39418556729132,39418556729132,0,39418560030240,39418560031046,39418560031584,39418560112043,39418590062464,39418560025992,16666666,16666666,39418562464355,39418570031018,39418570124979,39418570467051,39418573290398,4443,284286,39418573039050,39418573290398,0,39418570467051,
0,396699,39418573395798,39418573395798,0,39418576387647,39418576388431,39418576388927,39418576450086,39418606729130,39418576384926,16666666,16666666,39418579751942,39418586512734,39418586583356,39418588024326,39418593520909,2317,1467906,39418593520909,39418593262305,0,39418588024326,
0,396723,39418623395796,39418623395796,0,39418625217449,39418625218440,39418625218975,39418625294372,39418640062462,39418625214093,16666666,16666666,39418630604617,39418643310845,39418643459555,39418645481805,39418658361934,1992,204553,39418658361934,39418647087869,0,39418645481805,
0,396746,39418673395794,39418673395794,0,39418674016830,39418674017861,39418674018362,39418674105590,39418690062460,39418674012391,16666666,16666666,39418676122995,39418684156275,39418684279651,39418684835133,39418692541022,3126,227347,39418692541022,39418690655330,0,39418684835133,
0,396777,39418723395792,39418723395792,0,39418728926489,39418728927482,39418728928011,39418729001132,39418740062458,39418728923190,16666666,16666666,39418731401699,39418741356410,39418741590706,39418742217016,39418759283824,2017,182981,39418759283824,39418743019019,0,39418742217016,
0,396793,39418756729124,39418756729124,0,39418765612534,39418765613463,39418765614121,39418765684533,39418790062456,39418765608368,16666666,16666666,39418767252236,39418774234282,39418774286872,39418775443555,39418790779737,2018,105252,39418790779737,39418777953320,0,39418775443555,
0,396808,39418790062456,39418790062456,0,39418791102667,39418791103311,39418791103839,39418791183547,39418823395788,39418791098332,16666666,16666666,39418794492324,39418799266584,39418799322687,39418800595227,39418810915600,1672,142656,39418810915600,39418801375165,0,39418800595227,
0,396831,39418823395788,39418823395788,0,39418828703116,39418828704141,39418828704705,39418828778346,39418840062454,39418828699808,16666666,16666666,39418830032827,39418838706818,39418838806047,39418842102449,39418858021143,1957,127944,39418858021143,39418842674292,0,39418842102449,
0,396848,39418873395786,39418873395786,0,39418878981641,39418878982608,39418878983119,39418879099809,39418890062452,39418878976947,16666666,16666666,39418881647042,39418891777988,39418891799515,39418894292967,39418908260737,4926,1109107,39418908260737,39418897011269,0,39418894292967,
0,396894,39418973395782,39418973395782,0,39418979808287,39418979809010,39418979809532,39418979963096,39418990062448,39418979803662,16666666,16666666,39418984253061,39418995568672,39419002706664,39419003335573,39419017374086,4827,303768,39419017296203,39419017374086,0,39419003335573,
0,396911,39419023395780,39419023395780,0,39419027750911,39419027751938,39419027752544,39419028145630,39419040062446,39419027747392,16666666,16666666,39419036779336,39419045865164,39419046096314,39419047198368,39419060033725,5878,535088,39419060033725,39419053820409,0,39419047198368,
0,396934,39419073395778,39419073395778,0,39419081854614,39419081855425,39419081856087,39419081928843,39419090062444,39419081851509,16666666,16666666,39419091511978,39419098719434,39419098801836,39419100430263,39419107900271,6788,1515915,39419107900271,39419102994747,0,39419100430263,
0,396965,39419156729108,39419156729108,0,39419172713472,39419172714439,39419172714938,39419172800114,39419173395774,39419172708862,16666666,16666666,39419174542836,39419189077640,39419189104553,39419190086174,39419209970397,3596,505961,39419209970397,39419194411964,0,39419190086174,
0,396998,39419273395770,39419273395770,0,39419276020954,39419276021617,39419276022140,39419276105220,39419290062436,39419276016606,16666666,16666666,39419280200673,39419292422638,39419292567786,39419293240557,39419309993018,5544,782699,39419309993018,39419296571010,0,39419293240557,
0,397076,39419440062430,39419440062430,0,39419444139668,39419444140533,39419444141055,39419444210897,39419456729096,39419444136360,16666666,16666666,39419446239036,39419463458510,39419463588896,39419466168759,39419475098008,6444,1158671,39419475098008,39419468227194,0,39419466168759,
0,397164,39419656729088,39419656729088,0,39419663312828,39419663313507,39419663314031,39419663385605,39419673395754,39419663309194,16666666,16666666,39419666541438,39419675637251,39419675681194,39419676623563,39419691317472,2142,1077961,39419691317472,39419679122479,0,39419676623563,
0,397196,39419723395752,39419723395752,0,39419726454651,39419726455453,39419726455916,39419726520342,39419740062418,39419726451902,16666666,16666666,39419727823304,39419738318512,39419738353002,39419738942840,39419758241479,4072,274717,39419758241479,39419740117124,0,39419738942840,
0,397219,39419773395750,39419773395750,0,39419775642305,39419775643214,39419775643769,39419775717554,39419790062416,39419775638415,16666666,16666666,39419776991679,39419787686659,39419789133944,39419790327055,39419808203864,1990,87628,39419808203864,39419790980063,0,39419790327055,
0,397234,39419806729082,39419806729082,0,39419808597760,39419808598676,39419808599134,39419808677908,39419840062414,39419808593717,16666666,16666666,39419814132941,39419819826284,39419819963649,39419820536536,39419824357457,5817,1954405,39419824357457,39419823806594,0,39419820536536,
0,397258,39419856729080,39419856729080,0,39419858756234,39419858756977,39419858757507,39419858829596,39419873395746,39419858753535,16666666,16666666,39419863408350,39419867923886,39419867941931,39419868311690,39419875730940,3060,292107,39419875730940,39419873152045,0,39419868311690,
0,397273,39419873395746,39419873395746,0,39419876209652,39419876210655,39419876211176,39419877472714,39419906729078,39419876206749,16666666,16666666,39419883300047,39419891129894,39419891278455,39419892665783,39419908242748,3678,338699,39419908242748,39419896811599,0,39419892665783,
0,397297,39419923395744,39419923395744,0,39419925133270,39419925134093,39419925134631,39419925251017,39419940062410,39419925129446,16666666,16666666,39419927613126,39419934687643,39419934794506,39419936293130,39419959146411,2557,153258,39419959146411,39419943407478,0,39419936293130,
0,397313,39419956729076,39419956729076,0,39419959978020,39419959978783,39419959979344,39419960065221,39419990062408,39419959974503,16666666,16666666,39419963555953,39419971392639,39419971483124,39419972131696,39419977996458,5749,301856,39419977996458,39419975141943,0,39419972131696,
0,397337,39420006729074,39420006729074,0,39420007769338,39420007770252,39420007770674,39420007831316,39420023395740,39420007766613,16666666,16666666,39420016992328,39420022173473,39420022940969,39420027675500,39420040856995,5741,2043321,39420040856995,39420030927578,0,39420027675500,
0,397398,39420140062402,39420140062402,0,39420141630489,39420141631496,39420141632046,39420141705138,39420156729068,39420141627117,16666666,16666666,39420154716563,39420159912275,39420160070363,39420160728710,39420175546118,1959,143812,39420175546118,39420163791788,0,39420160728710,
0,397455,39420290062396,39420290062396,0,39420292451497,39420292452341,39420292452806,39420292515571,39420306729062,39420292448907,16666666,16666666,39420293905399,39420302677119,39420302738055,39420303718360,39420309069516,4637,274995,39420309069516,39420305127809,0,39420303718360,
0,397518,39420440062390,39420440062390,0,39420442033280,39420442034088,39420442034602,39420442270141,39420456729056,39420442030215,16666666,16666666,39420445560261,39420457732981,39420458268217,39420458922044,39420475121744,2542,140067,39420475121744,39420464083337,0,39420458922044,
0,397622,39420673395714,39420673395714,0,39420686042253,39420686043326,39420686043833,39420686354630,39420690062380,39420686038719,16666666,16666666,39420689186137,39420699234811,39420700887814,39420704751876,39420725980681,1804,203464,39420725980681,39420708910669,0,39420704751876,
0,397669,39420773395710,39420773395710,0,39420776487415,39420776488172,39420776488715,39420776566526,39420790062376,39420776483808,16666666,16666666,39420779918206,39420787136647,39420787239770,39420789172614,39420797667001,3313,321849,39420797667001,39420790456567,0,39420789172614,
0,397709,39420856729040,39420856729040,0,39420860538494,39420860539364,39420860539890,39420860610415,39420873395706,39420860534979,16666666,16666666,39420863113081,39420869685892,39420869814896,39420870383723,39420877240182,2526,199116,39420877240182,39420872345636,0,39420870383723,
0,397733,39420906729038,39420906729038,0,39420911474367,39420911475257,39420911475721,39420911536504,39420923395704,39420911471525,16666666,16666666,39420912293791,39420921157106,39420921178505,39420921742965,39420925948833,2265,382437,39420925948833,39420922963326,0,39420921742965,
0,397765,39420973395702,39420973395702,0,39420978584366,39420978585130,39420978585608,39420978645115,39420990062368,39420978581147,16666666,16666666,39420983861757,39420995769570,39420995859197,39420997428388,39421007573031,3989,370917,39421007573031,39420999614246,0,39420997428388,
0,397804,39421056729032,39421056729032,0,39421062279639,39421062280349,39421062280951,39421062357482,39421073395698,39421062276054,16666666,16666666,39421064203079,39421072501998,39421072577056,39421073164126,39421090793871,2425,324167,39421090793871,39421075700543,0,39421073164126,
0,397828,39421106729030,39421106729030,0,39421112201020,39421112202048,39421112202728,39421112279736,39421123395696,39421112197334,16666666,16666666,39421114621443,39421122076246,39421122256637,39421122710121,39421140905442,2338,375703,39421140905442,39421124738968,0,39421122710121,
0,397874,39421206729026,39421206729026,0,39421209278423,39421209279409,39421209280136,39421209381098,39421223395692,39421209274933,16666666,16666666,39421211982680,39421216112964,39421218239600,39421220445684,39421225798175,1957,191085,39421225798175,39421222752585,0,39421220445684,
0,397913,39421290062356,39421323395688,0,39421331837416,39421331838485,39421331839150,39421331926415,39421306729022,39421331832842,16666666,16666666,39421333950827,39421341120507,39421341185331,39421342607112,39421358867996,2517,264727,39421358867996,39421344453235,0,39421342607112,
0,397954,39421440062350,39421440062350,0,39421442878267,39421442878921,39421442879402,39421442943261,39421456729016,39421442875671,16666666,16666666,39421446258252,39421454070156,39421454176723,39421455189583,39421474797314,6292,2260077,39421474797314,39421459364905,0,39421455189583,
0,398024,39421656729008,39421656729008,0,39421660421192,39421660421869,39421660422381,39421660500162,39421673395674,39421660417240,16666666,16666666,39421666310083,39421672705762,39421673182195,39421673787364,39421678895087,3770,171786,39421678895087,39421674649923,0,39421673787364,
0,398103,39421840062334,39421840062334,0,39421845948899,39421845949992,39421845950684,39421846038044,39421856729000,39421845945096,16666666,16666666,39421847781588,39421858812873,39421859163829,39421860812604,39421874743154,2478,220450,39421874743154,39421866841762,0,39421860812604,
0,398175,39421990062328,39421990062328,0,39421999495905,39421999496781,39421999497283,39421999577435,39422006728994,39421999491478,16666666,16666666,39422001618332,39422010931850,39422012651311,39422013473204,39422017803857,3284,384644,39422017766913,39422017803857,0,39422013473204,
0,398270,39422190062320,39422190062320,0,39422191751127,39422191751923,39422191752473,39422191826051,39422206728986,39422191747577,16666666,16666666,39422193114384,39422200290676,39422200321715,39422202737727,39422207385320,2317,231655,39422207385320,39422204602472,0,39422202737727,
0,398310,39422273395650,39422273395650,0,39422277441095,39422277441836,39422277442541,39422277530821,39422290062316,39422277436513,16666666,16666666,39422279115282,39422283240542,39422285963532,39422286715072,39422291369081,3653,266455,39422291369081,39422287660123,0,39422286715072,
0,398349,39422340062314,39422340062314,0,39422341593790,39422341594729,39422341595389,39422341680808,39422356728980,39422341589780,16666666,16666666,39422349414850,39422354072745,39422357604781,39422361382861,39422378124924,3780,4070903,39422378124924,39422368901686,0,39422361382861,
0,398403,39422456728976,39422456728976,0,39422467950684,39422467951878,39422467952344,39422468026205,39422473395642,39422467947550,16666666,16666666,39422473569277,39422492116516,39422492139017,39422494343266,39422507473046,2964,479153,39422507473046,39422496149343,0,39422494343266,
0,398428,39422640062302,39422640062302,0,39422645024004,39422645024753,39422645025210,39422645090408,39422656728968,39422645021464,16666666,16666666,39422649790459,39422658593557,39422658667218,39422658934053,39422663796672,5681,1972036,39422663084791,39422663796672,0,39422658934053,
0,398444,39422740062298,39422740062298,0,39422744713515,39422744714370,39422744714905,39422744781718,39422756728964,39422744711059,16666666,16666666,39422747051742,39422750220832,39422750353326,39422750831441,39422758852657,1935,134305,39422758852657,39422751468669,0,39422750831441,
0,398460,39422856728960,39422856728960,0,39422864475516,39422864479068,39422864479578,39422864587825,39422873395626,39422864181467,16666666,16666666,39422867130726,39422872031825,39422872179159,39422874183519,39422891969327,5703,673540,39422891969327,39422877857156,0,39422874183519,
0,398475,39422940062290,39422940062290,0,39422942669578,39422942670674,39422942671239,39422942872966,39422956728956,39422942665283,16666666,16666666,39422945554416,39422949933315,39422949980895,39422951160854,39422958894157,3497,433791,39422958894157,39422952834115,0,39422951160854,
0,398491,39422990062288,39422990062288,0,39422992321758,39422992322833,39422992323358,39422992394255,39423006728954,39422992318626,16666666,16666666,39422995406248,39422998455459,39422999944983,39423000427266,39423008673725,8624,972383,39423008673725,39423002258657,0,39423000427266,
0,398507,39423073395618,39423073395618,0,39423074589835,39423074590834,39423074591322,39423074657908,39423090062284,39423074587395,16666666,16666666,39423076512967,39423082455379,39423082505577,39423084327118,39423093293395,2992,385123,39423093293395,39423086847085,0,39423084327118,
0,398523,39423140062282,39423140062282,0,39423144389694,39423144390460,39423144390984,39423144460385,39423156728948,39423144386459,16666666,16666666,39423146651325,39423151309958,39423151387369,39423151920030,39423158508709,4551,309119,39423158508709,39423153767298,0,39423151920030,
0,398539,39423206728946,39423206728946,0,39423209232972,39423209234472,39423209235202,39423209338733,39423223395612,39423209228685,16666666,16666666,39423210984349,39423215877329,39423216037608,39423218379867,39423224458773,4392,786101,39423224458773,39423220595552,0,39423218379867,
0,398555,39423240062278,39423240062278,0,39423242304049,39423242304918,39423242305346,39423242371321,39423256728944,39423242300106,16666666,16666666,39423243875417,39423248890279,39423249729548,39423250521922,39423260283770,2130,179388,39423260283770,39423251216507,0,39423250521922,
0,398571,39423306728942,39423306728942,0,39423309340975,39423309341929,39423309342461,39423309413090,39423323395608,39423309337678,16666666,16666666,39423311405881,39423315992761,39423318443337,39423320080480,39423324800802,4562,472534,39423324800802,39423321496829,0,39423320080480,
0,398587,39423373395606,39423373395606,0,39423374859215,39423374860219,39423374860750,39423374932647,39423390062272,39423374855771,16666666,16666666,39423378002079,39423384336711,39423384470265,39423385128613,39423393310595,3333,288437,39423393310595,39423387676533,0,39423385128613,
0,398603,39423423395604,39423423395604,0,39423427361917,39423427362761,39423427363200,39423427428344,39423440062270,39423427358410,16666666,16666666,39423429314709,39423436440855,39423436653481,39423437370981,39423441863507,3689,398099,39423441863507,39423439943895,0,39423437370981,
0,398619,39423490062268,39423490062268,0,39423492663524,39423492664430,39423492664936,39423492737952,39423506728934,39423492660096,16666666,16666666,39423494976508,39423498969493,39423501019235,39423503990044,39423523950207,3044,247534,39423523950207,39423507464055,0,39423503990044,
---PROFILEDATA---


View hierarchy:

  com.example.footnoted.spike.render_bench/com.example.footnoted.spike.render_bench.MainActivity/android.view.ViewRootImpl@8f006f6
  12 views, 21.18 kB of render nodes


Total ViewRootImpl   : 1
Total attached Views : 12
Total RenderNode     : 21.18 kB (used) / 68.66 kB (capacity)

